0 3
1 0
2 -0.0770885
3 0
4 0
5 0
6 -0.0567637
7 -0.028032
8 0
9 -0.0300152
10 -0.00998002
11 -0.0143138
12 -0.00631527
13 0.0976745
14 0
15 0
16 0.0490255
17 -0.293869
18 0
19 -0.0569414
20 -0.000464814
21 -0.00855906
22 0.0690381
23 -3.78683e-05
24 0
25 -0.0184907
26 0
27 0
28 -5.41198e-21
29 0
30 0
31 0.0513083
32 0
33 0
34 -0.0635412
35 -5.85445e-07
36 0
37 -0.0787773
38 0
39 0.0865915
40 -0.0184907
41 0
42 0
43 -0.00855906
44 -0.0107467
45 -0.00073087
46 -0.00875809
47 0
48 -0.00073087
49 0.0865915
50 0
51 0
52 -0.0481997
53 0
54 0
55 0.0396188
56 0
57 0
58 0.0202686
59 -7.48155e-09
60 0
61 -0.0436949
62 -0.0014412
63 -0.0107467
64 -0.0132527
65 0
66 -0.0194729
67 -0.0584291
68 -0.00590061
69 -0.0155487
70 0
71 -0.0132527
72 0
73 -3.77647e-05
74 -0.0676542
75 -0.0155487
76 0
77 -0.00898193
78 0
79 0
80 0
81 -0.0224821
82 0
83 0.0202686
84 0
85 0
86 -0.0225337
87 0
88 -0.00949084
89 0
90 -0.0107467
91 0.0371926
92 -0.00903227
93 -0.000739572
94 -3.78683e-05
95 0.0976745
96 -0.00998002
97 -0.0132527
98 0
99 0
100 0
101 0
102 -5.41198e-21
103 0
104 0
105 -0.00903227
106 0
107 0
108 -1.17948e-13
109 0
110 0
111 0
112 -0.00590061
113 -0.12456
114 0
115 0
116 0
117 -0.00734013
118 -3.78683e-05
119 0
120 0
121 0
122 -0.0812364
123 0
124 -0.0237533
125 0
126 0.0976745
127 0.0704897
128 -0.0225337
129 0
130 0
131 0
132 0.0852107
133 -5.85445e-07
134 0
135 -0.0981488
136 0
137 -0.463512
138 0.0717184
139 0.184404
140 -0.0225337
141 0.128955
142 -0.0890311
143 0
144 -0.0289525
145 -3.78683e-05
146 0
147 0
148 -3.77647e-05
149 -0.00590061
150 0
151 0
152 -0.0235693
153 0.0240519
154 0
155 0
156 0
157 -0.0194729
158 0
159 -0.000464814
160 0
161 -0.0107467
162 -0.0228297
163 -0.0375273
164 -0.00903227
165 -0.004872
166 0.0513083
167 -0.0530312
168 -0.0102217
169 0
170 0
171 0
172 0
173 0
174 0
175 -0.0184907
176 -0.0584291
177 0.0730707
178 -0.0194729
179 0
180 -0.0487714
181 -0.00734013
182 0.0230185
183 0
184 0
185 -0.00855906
186 0.0365214
187 0
188 -0.190463
189 0
190 -0.019672
191 0
192 0.120427
193 0
194 0.0852107
195 -0.00875809
196 0.0852107
197 -0.0284707
198 0
199 -0.0635412
200 -0.0184907
201 0
202 0.0513083
203 0
204 -0.00590061
205 0
206 0
207 0.0976745
208 0
209 -0.0399201
210 0.0702476
211 -0.0102217
212 -0.0289525
213 -0.141009
214 0
215 0
216 0.2298
217 0.0490255
218 0
219 -5.41198e-21
220 -0.0408595
221 0
222 0
223 0
224 0.0490255
225 -3.77647e-05
226 0
227 0.0371926
228 -0.0265053
229 -0.0237533
230 0
231 -3.78683e-05
232 0
233 0
234 0
235 0
236 0
237 0
238 0
239 -0.0289355
240 -5.41198e-21
241 0.0702476
242 0
243 -0.0237533
244 0.118962
245 0
246 -0.0644988
247 -0.0204116
248 0
249 -5.41198e-21
250 0
251 -0.0560821
252 0
253 0
254 0
255 0
256 0
257 -1.17948e-13
258 0
259 0.0730707
260 0.2298
261 0.0139533
262 -0.0230902
263 0
264 -0.0391582
265 -0.0230902
266 -0.0194729
267 0
268 0
269 -0.0567637
270 -0.0436949
271 0.0717184
272 0
273 0
274 0.00763801
275 -0.0437329
276 -0.0289525
277 0
278 0
279 0
280 -3.78683e-05
281 0
282 -0.000739572
283 -3.78683e-05
284 -5.41198e-21
285 0
286 0
287 0
288 -0.0457898
289 -3.77647e-05
290 0.0532275
291 0
292 -0.00903227
293 -0.0284707
294 -1.17948e-13
295 0
296 0.0365214
297 0
298 0
299 -0.0214602
300 0.118962
301 -0.0132527
302 0
303 0.0396188
304 0.0490255
305 -0.00898193
306 0
307 0
308 0
309 0.128955
310 -3.77647e-05
311 0
312 0
313 0
314 -0.0225337
315 0
316 -0.00590061
317 -0.0413501
318 -3.78683e-05
319 0.0538568
320 0
321 -0.0644988
322 -0.0132527
323 -0.0654618
324 0.0365214
325 -0.0184907
326 0.0240519
327 -0.0333427
328 -0.00875809
329 0
330 -0.0187808
331 -5.41198e-21
332 0
333 -0.0102217
334 0
335 -0.0225337
336 -0.00998002
337 0
338 -0.0194729
339 0.0396188
340 -0.0770885
341 -0.00898193
342 0.0521505
343 0
344 0.0976745
345 -0.0230902
346 0
347 -0.0487714
348 0
349 -0.00734013
350 0.0139155
351 -0.0394097
352 -0.0437329
353 -0.0333427
354 0
355 0
356 -0.0806763
357 0.0865915
358 -3.78683e-05
359 0
360 0
361 0
362 0
363 0.0702476
364 -0.208875
365 -0.169352
366 0
367 0.075169
368 -0.0676542
369 0.0671158
370 0.0202686
371 -0.000464814
372 -0.00734013
373 -0.00898193
374 0
375 0
376 0
377 0
378 -0.0107467
379 -0.000464814
380 0.0396188
381 -0.0237533
382 -0.0204116
383 -0.0530312
384 0
385 0
386 0
387 0.027688
388 -0.0638783
389 -0.0230902
390 -0.0567637
391 0
392 -0.00734013
393 -5.41198e-21
394 -0.0676542
395 -5.41198e-21
396 0
397 0
398 0
399 0.0365214
400 0
401 -0.0155487
402 -0.0584291
403 0.120427
404 -0.0436949
405 0.0661427
406 -1.17948e-13
407 0
408 0
409 -0.0770885
410 0
411 -5.85445e-07
412 -0.00998002
413 0
414 -7.48155e-09
415 -0.0132527
416 -0.00903227
417 -0.140935
418 -0.00734013
419 -0.00875809
420 0
421 0.0396188
422 -0.0184907
423 0
424 -0.00734013
425 -0.000739572
426 -0.0284707
427 0
428 -0.00631527
429 0
430 0
431 0
432 0
433 0
434 -7.55294e-05
435 -0.00898193
436 0
437 -3.77647e-05
438 0
439 0
440 0
441 -0.0284707
442 -5.85445e-07
443 0
444 -0.0385743
445 -0.0408595
446 0
447 -0.0686195
448 -0.00531357
449 -3.78683e-05
450 -0.0228297
451 0.0490255
452 0
453 0
454 0.0730707
455 0
456 0
457 0
458 0
459 -0.0812364
460 0
461 -0.0651822
462 -0.0284707
463 -0.0281273
464 0.116455
465 -7.48155e-09
466 0
467 -7.55294e-05
468 -7.48155e-09
469 0.0513083
470 -0.0194729
471 -0.0436949
472 0.0365214
473 -0.0631042
474 0.0371926
475 0.0396188
476 -0.00898193
477 0
478 -5.85445e-07
479 -0.0444843
480 0
481 -0.00875809
482 -0.00949084
483 -0.00875809
484 -0.0770885
485 0.0202686
486 -7.48155e-09
487 -1.68219e-19
488 0
489 0.0538568
490 0
491 0
492 0
493 0.0875153
494 0
495 -0.0132527
496 0.0371926
497 0
498 -0.0281273
499 0
500 0
501 0
502 0.0702476
503 -0.00875809
504 0
505 -0.00903227
506 0
507 0
508 0
509 0
510 0
511 -3.78683e-05
512 -3.77647e-05
513 0
514 -0.0584291
515 -0.00590061
516 -0.0107467
517 -0.00855906
518 0.0371926
519 0
520 -5.41198e-21
521 -0.0654618
522 0.0240519
523 -0.0300152
524 0.130668
525 -0.000464814
526 0.0521505
527 0
528 -0.004872
529 0.0365214
530 0
531 -0.0102217
532 0
533 0
534 0.0865915
535 -0.00998002
536 -0.0230902
537 -0.0230902
538 -0.0155487
539 -0.0014412
540 -0.000464814
541 -0.0155487
542 0.0976745
543 0
544 -0.00898193
545 0
546 0.130473
547 0.0240519
548 0
549 0.102588
550 -0.00903227
551 0
552 -0.0155487
553 0
554 0
555 -0.0692003
556 0.0139533
557 0
558 0
559 -0.0436949
560 0
561 -0.0391582
562 -5.41198e-21
563 -0.019672
564 0.0768115
565 -3.77647e-05
566 0
567 0
568 -0.0281273
569 -0.0230902
570 0
571 -0.00855906
572 -0.0194729
573 -3.77647e-05
574 0
575 0
576 -3.78683e-05
577 0
578 0
579 0.0875153
580 0
581 0
582 0.0978172
583 0
584 -0.019672
585 -0.0155487
586 0
587 -0.00875809
588 -0.0155487
589 -0.00998002
590 0.0513083
591 0
592 0
593 -0.0155487
594 0
595 -0.00875809
596 0.0371926
597 0
598 -0.00875809
599 0.0865915
600 0.168292
601 0
602 -0.0237533
603 0
604 0
605 -3.77647e-05
606 -0.0265053
607 -0.0225337
608 -0.0333427
609 0.0240141
610 0
611 -0.00875809
612 0
613 -0.0184907
614 0
615 0
616 -7.48155e-09
617 0
618 0
619 -0.0132527
620 0
621 -0.00949084
622 -0.0194729
623 -0.00998002
624 -0.0228297
625 -0.0413501
626 0
627 0
628 0
629 0
630 -0.0567637
631 0
632 0
633 -0.0237533
634 -0.00998002
635 -0.00631527
636 -0.00364915
637 -0.0155487
638 -3.78683e-05
639 -0.0143138
640 0
641 0
642 0
643 -0.000464814
644 -0.14986
645 -0.0107467
646 0.130857
647 0
648 0
649 -0.000464814
650 0
651 0
652 0
653 0
654 0
655 0.0768115
656 0
657 -0.00364915
658 0
659 -0.00898193
660 0
661 -0.0408595
662 0
663 0
664 -5.85445e-07
665 0
666 -0.00734013
667 0.0240233
668 -0.0408595
669 0
670 -0.0155487
671 0.0365214
672 -0.0436949
673 0.0240519
674 -0.00875809
675 0
676 0
677 -0.0194729
678 0
679 0
680 -0.00903227
681 -0.00898193
682 0.0490255
683 0.0702476
684 -0.000464814
685 -0.00073087
686 0.0240519
687 -0.0694774
688 0.0865915
689 -0.0155487
690 0
691 0
692 0.0365214
693 -0.0230902
694 0
695 0.0371926
696 -3.77647e-05
697 0
698 0
699 0.0396188
700 0.0513083
701 -0.113942
702 0
703 0
704 0.0538568
705 -0.0413501
706 -0.0391582
707 0
708 -0.000464814
709 0
710 -0.0184907
711 0
712 -0.00531357
713 -0.0155487
714 0.112647
715 -0.0230902
716 0.0371926
717 -0.00949084
718 -0.00734013
719 0
720 0.0490255
721 0.0139533
722 0
723 -0.0111873
724 -0.0102217
725 0
726 -0.0225337
727 -0.0705715
728 -0.0770885
729 0
730 -0.0812364
731 -5.85445e-07
732 0.0717184
733 0
734 0.0976745
735 -0.0102217
736 0
737 -0.0132527
738 -7.55294e-05
739 -0.0692003
740 0
741 0
742 0
743 0
744 -0.065796
745 0
746 -0.0481997
747 -0.0155487
748 -0.0284707
749 -7.48155e-09
750 -0.0136215
751 0
752 -0.0284707
753 -0.00387237
754 0.118962
755 0
756 -0.0333427
757 0.0521505
758 -0.000464814
759 -3.77647e-05
760 -0.0391582
761 -0.0635412
762 -0.004872
763 0
764 0.0532275
765 0
766 -3.78683e-05
767 0
768 -0.0155487
769 0
770 0.0538568
771 -3.78683e-05
772 0
773 0
774 -0.00734013
775 -0.0129913
776 0
777 0
778 -7.48155e-09
779 -0.000464814
780 0
781 -0.0143138
782 0.0730707
783 0
784 0
785 -0.00364915
786 0
787 -0.00875809
788 -0.00875809
789 -0.00903227
790 0
791 0
792 0.0875153
793 -0.0175913
794 0
795 0
796 -0.0289525
797 -0.0676542
798 -0.0184907
799 0.0396188
800 0
801 0
802 0
803 0
804 0
805 -0.0194729
806 0.0730707
807 -5.85445e-07
808 0
809 0
810 -3.78683e-05
811 -0.0644988
812 0
813 0
814 -3.77647e-05
815 0
816 -3.78683e-05
817 0
818 0
819 0
820 -0.0437329
821 0.0910494
822 -0.0129913
823 -5.85445e-07
824 0.00733409
825 0
826 0
827 -0.10717
828 0
829 0
830 -0.0014412
831 0
832 0
833 0
834 0
835 0
836 0
837 0
838 0
839 -0.0770885
840 -0.0281273
841 0.0538568
842 -0.0284707
843 0
844 -0.0237533
845 0
846 -0.0265053
847 -0.0100178
848 -0.00998002
849 -0.0981488
850 0
851 -0.0204116
852 -0.00875809
853 0.0396188
854 -0.0281273
855 -0.00855906
856 0
857 0
858 -0.00387237
859 -0.0155487
860 -0.0413501
861 -0.0107467
862 -5.41198e-21
863 0
864 -0.134488
865 -0.10717
866 0
867 -0.0214602
868 -0.00590061
869 -0.0333427
870 0.0956603
871 0
872 -0.00631527
873 0
874 0
875 0.0240519
876 0
877 0
878 -0.00875809
879 0.0538568
880 -0.0692003
881 0
882 -0.00855906
883 0
884 0.0865915
885 -0.0225337
886 0.0139533
887 0.0139533
888 -3.78683e-05
889 -0.0584291
890 -0.00855906
891 -0.00875809
892 -0.0530312
893 0
894 0
895 0
896 0
897 0.0269845
898 0
899 0.0717184
900 0
901 0
902 -5.41198e-21
903 0
904 0
905 -0.0136215
906 0
907 0
908 0
909 0
910 -0.0692003
911 0
912 0.00746974
913 0
914 0
915 0
916 -0.00998002
917 0
918 0
919 0
920 -0.0981488
921 -0.0462869
922 -0.0102217
923 -0.00903227
924 0.0365214
925 -0.241548
926 -3.78683e-05
927 0.0285242
928 0
929 -0.0385743
930 0
931 0
932 0
933 0.0240519
934 0
935 0
936 -5.41198e-21
937 -0.0944619
938 -0.0981488
939 -0.0281273
940 -0.0224821
941 -0.00875809
942 0
943 -0.01996
944 0
945 -0.0770885
946 -0.0385743
947 0
948 -0.0132527
949 0
950 0
951 -0.00073087
952 -7.48155e-09
953 -0.0391582
954 0
955 0
956 -0.0487714
957 0
958 -0.0132527
959 0.0704897
960 -0.00875809
961 -0.000464814
962 0
963 -0.0132527
964 0.0139533
965 0
966 0
967 0.0371926
968 0.0139533
969 -3.77647e-05
970 0
971 0.209021
972 -0.0466462
973 0.0875153
974 0
975 -3.77647e-05
976 0
977 -3.77647e-05
978 0
979 -5.85445e-07
980 0
981 0
982 0
983 0
984 0.0852107
985 0.0513083
986 0.0371926
987 0.0396188
988 0
989 0
990 0
991 0.0371926
992 -3.77647e-05
993 -0.00364915
994 -0.0230902
995 0.0690381
996 0
997 -0.0132527
998 0
999 0
1000 -0.0107467
1001 -0.0204116
1002 0
1003 -0.00875809
1004 0
1005 -0.0107467
1006 0
1007 -0.0107467
1008 0
1009 -0.0437329
1010 -0.00531357
1011 0
1012 0
1013 -0.0413501
1014 -0.00855906
1015 0
1016 0
1017 0.0365214
1018 0
1019 -0.0214602
1020 0
1021 -0.0143138
1022 -0.00631527
1023 0
1024 -0.00734013
1025 0
1026 0
1027 -3.77647e-05
1028 0
1029 0
1030 -0.0391582
1031 0.217064
1032 -0.00998002
1033 -0.0143138
1034 0
1035 -0.01996
1036 -0.0457898
1037 0
1038 0.0532275
1039 0
1040 0
1041 0
1042 -0.0194729
1043 -0.0770885
1044 -0.0107467
1045 0
1046 0
1047 0
1048 -0.0968526
1049 -0.0413501
1050 0
1051 0
1052 -0.0102217
1053 0
1054 0
1055 0
1056 0
1057 -0.0194729
1058 0
1059 -0.0237533
1060 0.0371926
1061 0.0761402
1062 0
1063 -0.0289525
1064 0
1065 -0.00898193
1066 -0.0812364
1067 -0.0487714
1068 0
1069 0
1070 0
1071 -0.0284707
1072 -0.00855906
1073 0.0371926
1074 0
1075 0
1076 0
1077 0.0702476
1078 -0.019672
1079 0
1080 -0.151185
1081 0
1082 -7.48155e-09
1083 -0.00875809
1084 -0.0281273
1085 0
1086 0
1087 -0.087137
1088 -0.189566
1089 0.151179
1090 -3.77647e-05
1091 -0.0413501
1092 -0.00734013
1093 0
1094 0
1095 0.0521505
1096 0
1097 0
1098 -0.0281273
1099 0.0365214
1100 0
1101 0
1102 0
1103 0.0240141
1104 -0.019672
1105 0
1106 -0.00590061
1107 0
1108 0.0717184
1109 -0.0230902
1110 0
1111 0.128955
1112 -5.41198e-21
1113 -0.0644994
1114 0
1115 0.0716413
1116 -0.00998002
1117 -0.0289525
1118 0
1119 0
1120 0
1121 0
1122 0
1123 -0.00898193
1124 0
1125 0
1126 0.0717184
1127 -3.77647e-05
1128 0
1129 -0.0272488
1130 0
1131 -0.348185
1132 0
1133 0
1134 -0.0102217
1135 0
1136 0.0671158
1137 0
1138 0
1139 0.027688
1140 0
1141 0
1142 0
1143 0
1144 0
1145 0.0852107
1146 0
1147 0
1148 0
1149 0
1150 -5.41198e-21
1151 -0.0644988
1152 -7.48155e-09
1153 0
1154 -0.00631527
1155 0
1156 0
1157 -0.0129913
1158 0
1159 0
1160 -0.0237533
1161 0.0661427
1162 0
1163 0
1164 0
1165 -0.000739572
1166 0
1167 0
1168 -5.41198e-21
1169 0
1170 0
1171 0
1172 0
1173 0
1174 -0.0132527
1175 -0.0014412
1176 0.0371926
1177 0.118962
1178 0
1179 -0.186541
1180 -0.0644994
1181 -3.78683e-05
1182 0
1183 0.0230185
1184 0.0852107
1185 0
1186 0
1187 -0.0421008
1188 -0.0204116
1189 -0.0225337
1190 0
1191 -0.0770885
1192 -0.019672
1193 -0.0694774
1194 0
1195 0.217027
1196 0
1197 0.0671158
1198 0.0490255
1199 0
1200 -0.0173127
1201 0
1202 0
1203 0.0457957
1204 0
1205 0
1206 0.0357818
1207 0
1208 0
1209 -0.0375268
1210 -0.00364915
1211 -0.0155487
1212 0
1213 -0.0530312
1214 0
1215 0
1216 -0.0692003
1217 -0.0289525
1218 -0.0333427
1219 0
1220 0
1221 0.0852107
1222 -0.00998002
1223 0
1224 0
1225 0
1226 -0.0265053
1227 0.0852107
1228 -0.0237533
1229 -0.0436949
1230 0
1231 -0.00903227
1232 -0.0300152
1233 -0.131195
1234 -0.00898193
1235 -0.090745
1236 -0.00364915
1237 -0.0194729
1238 -0.019672
1239 0.0704897
1240 -0.00898193
1241 0
1242 0
1243 0
1244 -0.0132527
1245 -0.0107467
1246 0
1247 0
1248 -0.00875809
1249 -0.00734013
1250 0
1251 -0.00073087
1252 0.130857
1253 0
1254 -3.78683e-05
1255 0
1256 0.0759064
1257 -3.78683e-05
1258 0
1259 -0.0457898
1260 -0.00903227
1261 -0.0237533
1262 0.0490255
1263 -5.85445e-07
1264 -0.0102217
1265 0
1266 -0.0692003
1267 -5.41198e-21
1268 0
1269 0
1270 0
1271 0
1272 0
1273 -0.00998002
1274 -0.0228297
1275 -0.0391582
1276 -0.0184907
1277 0
1278 0
1279 0
1280 -3.78683e-05
1281 -3.78683e-05
1282 0.0371926
1283 0
1284 0
1285 -1.68219e-19
1286 0.0240519
1287 0
1288 0
1289 0
1290 -0.00898193
1291 -0.00875809
1292 0
1293 0
1294 0.0717184
1295 -0.0225337
1296 -0.00855906
1297 0.0396188
1298 -0.0284707
1299 0
1300 0
1301 -0.00998002
1302 0
1303 0
1304 0
1305 -0.0184907
1306 -5.92926e-07
1307 0
1308 -0.0281273
1309 0.0230185
1310 0
1311 0
1312 0
1313 -0.000464814
1314 -1.17948e-13
1315 0
1316 -0.0981488
1317 -0.0413501
1318 0
1319 -0.0635412
1320 0
1321 0.0371926
1322 0
1323 0
1324 0
1325 0
1326 -0.0333427
1327 -0.0289525
1328 -0.0129913
1329 0
1330 0
1331 -0.00631527
1332 -0.00898193
1333 -5.41198e-21
1334 -0.0281273
1335 0
1336 -3.77647e-05
1337 0
1338 0
1339 -0.0194729
1340 0
1341 0
1342 0
1343 0
1344 -0.0530312
1345 0
1346 0
1347 0
1348 0.230538
1349 0
1350 -0.223938
1351 -3.78683e-05
1352 0
1353 -0.0265053
1354 -5.85445e-07
1355 0
1356 0.0976745
1357 0
1358 -0.00949084
1359 0.0591389
1360 0
1361 -3.77647e-05
1362 -0.00875809
1363 -0.00898193
1364 -0.0230902
1365 0.0690381
1366 -0.0129913
1367 0
1368 0.0371926
1369 0
1370 -3.77647e-05
1371 -3.77647e-05
1372 0
1373 0
1374 0
1375 0
1376 0
1377 0
1378 -0.00903227
1379 -0.00903227
1380 -0.000464814
1381 -0.186752
1382 0
1383 -0.0417234
1384 0
1385 0
1386 -0.0289525
1387 0
1388 -0.0204116
1389 0.0396188
1390 -0.00734013
1391 0
1392 -0.00875809
1393 -0.0150446
1394 -5.41198e-21
1395 -0.0230902
1396 0
1397 -0.0184907
1398 0
1399 0
1400 0
1401 -0.0981488
1402 0
1403 -0.01996
1404 0.0865915
1405 0.0396188
1406 -0.121263
1407 0
1408 0
1409 -0.0635412
1410 0
1411 0
1412 -3.78683e-05
1413 0.0240519
1414 -0.00734013
1415 -7.48155e-09
1416 -0.0692003
1417 0
1418 0
1419 0
1420 0
1421 0.0704897
1422 0.0396188
1423 0
1424 0
1425 -0.00875809
1426 0.120427
1427 0
1428 0
1429 0
1430 -0.0265053
1431 0
1432 -5.85445e-07
1433 -0.00073087
1434 0
1435 -0.00631527
1436 -0.0194729
1437 0
1438 0
1439 0
1440 0
1441 0
1442 -0.0014412
1443 -0.0300152
1444 0
1445 -0.0567637
1446 0
1447 0
1448 0
1449 0
1450 0
1451 0
1452 0
1453 0
1454 0
1455 -0.0107467
1456 -5.41198e-21
1457 -0.0184907
1458 0
1459 -0.00364915
1460 -0.0300152
1461 -3.78683e-05
1462 0
1463 0
1464 0
1465 0.0521505
1466 0
1467 -0.0457898
1468 0
1469 0
1470 -0.0281273
1471 0.0365214
1472 0
1473 -0.0184907
1474 0.118962
1475 0.0852107
1476 -0.0225337
1477 0
1478 0
1479 0.0976745
1480 -0.004872
1481 0
1482 0
1483 0
1484 0.0240519
1485 0
1486 0
1487 -0.0228297
1488 -0.10717
1489 0
1490 0
1491 -0.0230902
1492 0
1493 0
1494 -0.00903227
1495 -0.0284707
1496 0
1497 -0.0155487
1498 -0.016265
1499 0
1500 0.0365214
1501 -0.0281273
1502 -5.41198e-21
1503 0
1504 -0.00855906
1505 -0.0375268
1506 0.0371926
1507 0
1508 0.184266
1509 0
1510 -0.0635412
1511 0
1512 -0.0981488
1513 -5.41198e-21
1514 -0.0155487
1515 0
1516 -0.0230902
1517 0
1518 0
1519 -0.0413501
1520 0.0852107
1521 -0.0225337
1522 -0.00593848
1523 0
1524 0
1525 -3.77647e-05
1526 0.0139533
1527 0
1528 -3.77647e-05
1529 -0.00734013
1530 -0.00998002
1531 -0.0391582
1532 -7.48155e-09
1533 -5.85445e-07
1534 -0.00531357
1535 0
1536 0.0365214
1537 0
1538 0
1539 0
1540 -0.0140717
1541 -5.41198e-21
1542 -3.78683e-05
1543 -0.000739572
1544 0
1545 -0.0457898
1546 0.095697
1547 0
1548 0
1549 -0.00903227
1550 0
1551 -0.00387237
1552 0
1553 0
1554 -0.00898193
1555 -5.41198e-21
1556 0
1557 0
1558 0.189461
1559 -0.0413501
1560 -5.85445e-07
1561 0
1562 -0.0333427
1563 -0.0155487
1564 0.0490255
1565 -0.004872
1566 -0.00855906
1567 -0.00364915
1568 -0.0150446
1569 -0.01996
1570 0
1571 -0.0228297
1572 -0.0284707
1573 0
1574 0
1575 0
1576 -0.0184907
1577 0.0702476
1578 0
1579 0
1580 0.0671158
1581 -0.00875809
1582 -0.0413501
1583 0
1584 -7.48155e-09
1585 -0.0228297
1586 -0.0391582
1587 -0.0155487
1588 -0.00875809
1589 -0.00875809
1590 0
1591 0.0371926
1592 0
1593 0
1594 0
1595 -0.00898193
1596 -0.0391582
1597 0.057237
1598 -0.0204116
1599 -0.0705715
1600 -0.00998002
1601 0
1602 -0.0635412
1603 -3.78683e-05
1604 0
1605 0
1606 -0.0413501
1607 -5.41198e-21
1608 -0.0579032
1609 -0.00364915
1610 -5.41198e-21
1611 0
1612 -0.0225337
1613 -0.0812364
1614 0
1615 0
1616 0
1617 0
1618 -0.0787773
1619 -0.0786158
1620 -0.0155487
1621 0
1622 0
1623 0
1624 0
1625 0
1626 0
1627 -0.00998002
1628 -0.0102217
1629 -5.41198e-21
1630 -0.0391582
1631 0
1632 0.0702476
1633 0
1634 0
1635 -0.0457898
1636 -0.0237533
1637 -3.77647e-05
1638 0
1639 -0.0230902
1640 0
1641 -0.0981488
1642 -0.00898193
1643 -0.00949084
1644 -0.0204116
1645 -0.0155487
1646 -0.0150446
1647 -0.00898193
1648 -0.198987
1649 0.0661427
1650 0
1651 -0.000739572
1652 0.0365214
1653 -0.0457898
1654 -0.0102217
1655 -0.042244
1656 -0.00875809
1657 -0.0102217
1658 0
1659 0
1660 -0.00734013
1661 0
1662 -0.00734013
1663 0
1664 -0.00998002
1665 -0.0413501
1666 0
1667 0
1668 -0.00903227
1669 -3.77647e-05
1670 0
1671 -0.0284707
1672 -0.0204116
1673 0.2298
1674 -3.77647e-05
1675 0.147301
1676 -0.0225337
1677 0.0690381
1678 -0.0265432
1679 -3.78683e-05
1680 0
1681 -5.41198e-21
1682 -0.000464814
1683 0
1684 -0.0155487
1685 -0.000464814
1686 -0.0770885
1687 0
1688 0.0768115
1689 -0.00590061
1690 0
1691 0
1692 0
1693 0
1694 -0.0560821
1695 0.0704897
1696 -0.0014412
1697 -0.0194729
1698 0
1699 -0.000464814
1700 -0.0300152
1701 0
1702 -7.48155e-09
1703 -7.48155e-09
1704 -0.10717
1705 0.0396188
1706 -0.0877523
1707 -0.0281273
1708 0
1709 -0.0413501
1710 -0.0155487
1711 0
1712 -0.000464814
1713 -0.0567637
1714 0
1715 -5.85445e-07
1716 -0.0281273
1717 0
1718 0
1719 0
1720 -0.00364915
1721 -0.0413501
1722 0
1723 0.190337
1724 -0.0281273
1725 0
1726 0
1727 -0.0214602
1728 0
1729 0
1730 -0.0132527
1731 0
1732 0.0538568
1733 -0.0408595
1734 0
1735 0
1736 0
1737 -0.00875809
1738 -0.0692003
1739 0
1740 0
1741 0.0365214
1742 0
1743 0.0365214
1744 -0.00998002
1745 0
1746 0.118962
1747 0
1748 0
1749 0
1750 -0.0143138
1751 -0.0417234
1752 0.0865915
1753 0
1754 0
1755 0.120427
1756 -0.0272488
1757 0
1758 0
1759 0
1760 0
1761 0
1762 -3.78683e-05
1763 0.0371926
1764 0
1765 -5.85445e-07
1766 0
1767 0
1768 0
1769 -0.0333427
1770 0
1771 0
1772 0
1773 -0.00898193
1774 0
1775 -0.0787773
1776 0
1777 -0.0391582
1778 0.111337
1779 -0.0676542
1780 0
1781 -0.0284707
1782 0.0865915
1783 -0.00531357
1784 0.0371926
1785 0
1786 -0.00387237
1787 -0.0129381
1788 0
1789 -0.0413501
1790 0
1791 -0.0184907
1792 0
1793 -0.00875809
1794 -1.17948e-13
1795 -3.77647e-05
1796 0
1797 0
1798 0.027688
1799 0
1800 0
1801 0.0865915
1802 0
1803 -0.0107467
1804 0
1805 0
1806 0
1807 -0.0194729
1808 0
1809 0
1810 -0.00998002
1811 -0.0281273
1812 -0.0281273
1813 -0.0225337
1814 0
1815 0
1816 -0.00903227
1817 -0.0567637
1818 -0.0184907
1819 0
1820 0
1821 0
1822 0
1823 -0.0437329
1824 -0.0132527
1825 0
1826 -0.189566
1827 -0.0694774
1828 0
1829 0
1830 0
1831 0
1832 -0.0281273
1833 0
1834 0
1835 -0.10717
1836 -0.00855906
1837 0
1838 0
1839 -3.78683e-05
1840 0
1841 -0.00998002
1842 -0.0333427
1843 0
1844 -0.0487714
1845 0
1846 0
1847 0
1848 0
1849 -0.0437329
1850 0
1851 -0.00855906
1852 0
1853 -3.78683e-05
1854 -0.0300152
1855 -0.00998002
1856 0
1857 0.0513083
1858 0.0396188
1859 0.0521505
1860 0
1861 -0.00590061
1862 0
1863 -0.0567637
1864 0
1865 -0.0102217
1866 0
1867 -0.0014412
1868 0.0365214
1869 -0.00531357
1870 -0.0132527
1871 -3.78683e-05
1872 -0.0530312
1873 0
1874 -0.00998002
1875 -0.0143138
1876 -0.00631527
1877 -0.000739572
1878 -0.0225337
1879 -0.0228297
1880 -0.0155487
1881 0
1882 -5.85445e-07
1883 -0.00898193
1884 -0.0567637
1885 -5.41198e-21
1886 0
1887 -0.0194729
1888 0
1889 0.0538568
1890 -0.00903227
1891 -3.77647e-05
1892 0.0202686
1893 0
1894 0
1895 0
1896 0
1897 0
1898 0
1899 0.0875153
1900 -0.0237533
1901 0
1902 0
1903 -0.0237533
1904 -0.00387237
1905 0
1906 0
1907 0
1908 0
1909 0
1910 0
1911 -0.0413501
1912 0
1913 -0.0584291
1914 -0.00531357
1915 0
1916 -0.0436949
1917 -0.0897858
1918 0
1919 -0.0175162
1920 -0.00998002
1921 -0.000464814
1922 0.0513083
1923 0
1924 0
1925 -3.77647e-05
1926 0.0202686
1927 -0.0204116
1928 -0.0436949
1929 -1.17948e-13
1930 0
1931 -0.00734013
1932 -0.149822
1933 0
1934 0
1935 -0.00590061
1936 -0.0225337
1937 -1.17948e-13
1938 0
1939 -3.78683e-05
1940 0.120427
1941 0
1942 0
1943 -0.0230902
1944 0
1945 0
1946 0
1947 -0.0408595
1948 -0.0481997
1949 -0.00590061
1950 0
1951 0
1952 -0.0300152
1953 0.0365214
1954 -0.0194729
1955 -0.0194729
1956 0
1957 -0.00073087
1958 -0.0214602
1959 0
1960 -0.0194729
1961 0
1962 0
1963 0
1964 -0.00998002
1965 0
1966 -0.0237533
1967 0
1968 0
1969 -0.0194729
1970 0
1971 -0.0014412
1972 0
1973 -0.0225337
1974 0.0690381
1975 0.0661427
1976 0
1977 -0.00590061
1978 -0.000739572
1979 -0.0284707
1980 -0.00998002
1981 -0.0408595
1982 -0.00734013
1983 -0.00855906
1984 -0.00875809
1985 0
1986 0
1987 -5.85445e-07
1988 0
1989 -0.0787773
1990 0
1991 -0.0812364
1992 -0.0155487
1993 0
1994 -0.00364915
1995 0.0532275
1996 0.0139533
1997 0
1998 0
1999 0
2000 0
2001 -0.0530312
2002 -0.0281273
2003 -0.0107467
2004 0
2005 0
2006 0.0365214
2007 -0.0333427
2008 0
2009 -0.0132527
2010 -5.41198e-21
2011 0
2012 0
2013 0
2014 -0.0155487
2015 0
2016 0
2017 0.0591389
2018 0
2019 0.0365214
2020 0
2021 -0.0225337
2022 -0.00590061
2023 -5.85445e-07
2024 0
2025 0
2026 -7.48155e-09
2027 -0.0584291
2028 0.0702476
2029 -3.77647e-05
2030 0.0671158
2031 0
2032 -0.10717
2033 0
2034 -0.00631527
2035 -0.00998002
2036 -1.68219e-19
2037 -0.0129381
2038 -0.01996
2039 -0.0284707
2040 0
2041 -3.78683e-05
2042 -0.0228889
2043 -0.00631527
2044 -0.00364915
2045 -0.151185
2046 0
2047 0
2048 -0.00734013
2049 -0.00998002
2050 0
2051 0.0976745
2052 0
2053 0
2054 0.0396188
2055 -3.77647e-05
2056 0.0240519
2057 0
2058 0
2059 -0.0184907
2060 0
2061 -0.0230902
2062 0
2063 0
2064 0
2065 0
2066 0
2067 -0.0644988
2068 -0.0155487
2069 0.0661427
2070 -0.00073087
2071 -0.0340279
2072 -0.00875809
2073 0.120427
2074 0
2075 0.106769
2076 0.0704897
2077 0
2078 0
2079 -5.41198e-21
2080 0
2081 0.075169
2082 -0.0155487
2083 -0.00875809
2084 0
2085 0
2086 0
2087 0
2088 0
2089 -0.0155487
2090 0
2091 -3.77647e-05
2092 -0.0981488
2093 -0.0333427
2094 -0.455803
2095 0.0365214
2096 -0.0204116
2097 0
2098 0
2099 -0.0184907
2100 0
2101 0.0139533
2102 0
2103 -0.0654618
2104 0.0690381
2105 0
2106 0.0661427
2107 -3.77647e-05
2108 -0.00734013
2109 -0.0204116
2110 0
2111 0
2112 -0.00855906
2113 0
2114 0
2115 0
2116 -0.0413501
2117 0
2118 0.0976745
2119 0
2120 0
2121 0
2122 0
2123 0
2124 -0.0432262
2125 0
2126 -0.166152
2127 -5.41198e-21
2128 -0.12456
2129 0
2130 0
2131 0
2132 0
2133 0
2134 0.0240519
2135 -0.0481997
2136 0.0139533
2137 0
2138 0
2139 -0.0228297
2140 -0.0676542
2141 0
2142 0.184266
2143 -0.0284707
2144 -0.00949084
2145 0.297865
2146 -0.0132527
2147 0
2148 0.0371926
2149 -0.0289525
2150 0
2151 -0.0617617
2152 0
2153 0
2154 0
2155 0.0396188
2156 0.0702476
2157 -0.00898193
2158 0
2159 0
2160 -0.0408595
2161 -0.0194729
2162 0
2163 -0.00590061
2164 -3.77647e-05
2165 0
2166 -7.48155e-09
2167 -0.175237
2168 -0.0107467
2169 -0.00855906
2170 -3.77647e-05
2171 -0.0272488
2172 -0.0437329
2173 0
2174 0.0396188
2175 0
2176 -0.00073087
2177 -0.0391582
2178 -0.00482869
2179 -0.0184907
2180 -0.0391582
2181 0.0139155
2182 0
2183 0
2184 0
2185 0
2186 0
2187 -0.0184907
2188 0.0513083
2189 -0.0413501
2190 -5.41198e-21
2191 0
2192 0
2193 0
2194 -3.78683e-05
2195 -0.0132527
2196 0
2197 0
2198 -0.0132527
2199 -0.00364915
2200 -0.00903227
2201 0
2202 0
2203 0
2204 0
2205 -0.00998002
2206 0.0490255
2207 -0.0230902
2208 0
2209 0.0976745
2210 0
2211 -0.004872
2212 0.0240519
2213 0
2214 0
2215 0
2216 0.118962
2217 -0.0199367
2218 -5.41198e-21
2219 0.120427
2220 0
2221 -0.00855906
2222 -0.0770885
2223 -0.0560821
2224 0
2225 -0.0281273
2226 0
2227 0
2228 0
2229 -3.77647e-05
2230 -0.00875809
2231 0.0702476
2232 0
2233 -0.0237533
2234 0
2235 0
2236 0
2237 0
2238 -0.0214602
2239 0
2240 -0.00734013
2241 0
2242 -0.0132527
2243 -0.0230902
2244 -0.0676542
2245 0
2246 0
2247 -0.00631527
2248 0
2249 0
2250 -0.00531357
2251 0
2252 -0.0437329
2253 0
2254 -0.0644988
2255 -0.0375268
2256 0
2257 -1.17948e-13
2258 0
2259 -0.0375268
2260 0
2261 0
2262 0
2263 -0.019672
2264 -0.0107467
2265 0
2266 0.0661427
2267 -0.00898193
2268 0.0702476
2269 0
2270 0
2271 -0.0592816
2272 -5.41198e-21
2273 -0.0963712
2274 -5.85445e-07
2275 0
2276 -0.0457898
2277 0
2278 0.0371926
2279 0
2280 0.0865915
2281 0
2282 -0.0676542
2283 0
2284 0
2285 -0.00364915
2286 0
2287 -3.77647e-05
2288 -5.85445e-07
2289 -0.00734013
2290 -0.00387237
2291 -0.00364915
2292 0.0759064
2293 0
2294 -0.0560821
2295 -0.00903227
2296 -0.000464814
2297 -0.0635412
2298 -0.0014412
2299 -0.0265053
2300 0.0704897
2301 0
2302 -0.0385743
2303 0
2304 0
2305 -0.0225337
2306 -0.00998002
2307 -0.00998002
2308 -0.00875809
2309 0
2310 0
2311 0
2312 -3.78683e-05
2313 0
2314 0
2315 0.0661427
2316 0
2317 0.0910494
2318 -0.00898193
2319 0
2320 -0.00364915
2321 0
2322 -3.78683e-05
2323 0.0240519
2324 0
2325 -0.10717
2326 -0.0132527
2327 -0.0530312
2328 -0.0184907
2329 -0.0284707
2330 -0.0391582
2331 -0.0184907
2332 0
2333 0
2334 -0.00855906
2335 0
2336 0
2337 0
2338 -0.0132527
2339 -0.00875809
2340 0
2341 0
2342 -5.41198e-21
2343 0
2344 0
2345 0
2346 0.123717
2347 -0.14986
2348 0
2349 0
2350 0
2351 -0.0676542
2352 -0.0413501
2353 0
2354 0.0730707
2355 0.0365214
2356 0
2357 0
2358 0
2359 -0.0143138
2360 0
2361 0
2362 0.0730707
2363 0
2364 -7.48155e-09
2365 0
2366 0
2367 -0.155982
2368 0
2369 0.0139533
2370 0
2371 0
2372 -0.0430312
2373 0
2374 0.0976745
2375 0
2376 0
2377 0
2378 0
2379 0.0396188
2380 -0.0413501
2381 -3.78683e-05
2382 -0.00875809
2383 0
2384 0
2385 0
2386 0
2387 0
2388 0
2389 0.0139533
2390 0.0396188
2391 0
2392 0
2393 0
2394 0
2395 0
2396 0
2397 -3.78683e-05
2398 0.0202686
2399 0
2400 -0.00734013
2401 -0.0132527
2402 0.0371926
2403 0
2404 0
2405 -3.78683e-05
2406 0.0365214
2407 0.118962
2408 0
2409 0.0730707
2410 0
2411 -0.00734013
2412 -0.00898193
2413 0.0532275
2414 0.198219
2415 -0.0102217
2416 0
2417 0
2418 -0.00903227
2419 0
2420 -0.0225337
2421 0
2422 0
2423 -0.0132527
2424 -0.00855906
2425 0
2426 0
2427 0
2428 0
2429 -1.17948e-13
2430 0
2431 0
2432 0
2433 -0.00998002
2434 0.0865915
2435 0.0875153
2436 -0.0132527
2437 -0.00631527
2438 -0.0107467
2439 0.0114916
2440 0.0865915
2441 0
2442 -0.0457898
2443 -0.00898193
2444 -1.17948e-13
2445 -0.0487714
2446 -7.48155e-09
2447 -3.78683e-05
2448 -0.0184907
2449 -0.0705715
2450 -0.00949084
2451 0
2452 0
2453 -0.0155487
2454 -1.17948e-13
2455 0
2456 0.0365214
2457 -0.0237533
2458 -7.55294e-05
2459 0
2460 -0.188407
2461 0
2462 -0.0136215
2463 -0.00855906
2464 0.0513083
2465 0.0421203
2466 0.0661427
2467 0
2468 -0.00734013
2469 0
2470 0
2471 0.0240519
2472 0
2473 0.0365214
2474 -0.0014412
2475 0.0139533
2476 -0.000464814
2477 0
2478 -0.0281273
2479 -0.0635412
2480 0
2481 -0.0184907
2482 0
2483 0.0240519
2484 0
2485 0.0730707
2486 -0.0225337
2487 -7.55294e-05
2488 0
2489 0
2490 0
2491 -0.0437329
2492 -5.41198e-21
2493 0
2494 -0.0408595
2495 0
2496 0.0202686
2497 -0.00590061
2498 0
2499 -0.0194729
2500 -1.68219e-19
2501 0
2502 0.0365214
2503 -0.0326017
2504 0
2505 -0.185755
2506 0.0865915
2507 0.29931
2508 0
2509 -0.0413501
2510 0
2511 0
2512 -3.77647e-05
2513 0
2514 -0.0184907
2515 0.0865915
2516 0
2517 0.0591389
2518 0
2519 -0.0421008
2520 0
2521 0
2522 -0.0530312
2523 0
2524 0
2525 -3.77647e-05
2526 0
2527 -5.85445e-07
2528 0
2529 0
2530 -0.0284707
2531 0
2532 0
2533 -0.0230902
2534 0.0371926
2535 0
2536 0
2537 -0.0284707
2538 0
2539 -0.0204116
2540 -0.000739572
2541 0.0852107
2542 0
2543 0
2544 0
2545 0.0641653
2546 -0.0437329
2547 -0.0401609
2548 0.0690381
2549 0
2550 -0.0413501
2551 0
2552 -0.000464814
2553 -0.140935
2554 -3.78683e-05
2555 0.0240519
2556 0
2557 -3.78683e-05
2558 0
2559 0.118962
2560 -0.00875809
2561 0
2562 -0.0265053
2563 0
2564 0
2565 -3.78683e-05
2566 0
2567 0
2568 0
2569 0
2570 -3.78683e-05
2571 -0.0333427
2572 -0.0225337
2573 -0.000464814
2574 0.118962
2575 0
2576 -0.0237533
2577 0.0139533
2578 0
2579 0
2580 -0.00875809
2581 -0.00998002
2582 -0.0235693
2583 -7.48155e-09
2584 -0.0132527
2585 -0.0281273
2586 0
2587 -0.0437329
2588 0.0396188
2589 -0.0214602
2590 0
2591 0
2592 -0.01996
2593 -0.0644988
2594 0
2595 0
2596 -0.0180645
2597 -1.68219e-19
2598 0
2599 -0.0284707
2600 0
2601 -0.00875809
2602 0.0601326
2603 0
2604 -0.000464814
2605 -0.0413501
2606 0.0396188
2607 -0.00364915
2608 -0.0787773
2609 -0.0155487
2610 0
2611 0
2612 0.0852107
2613 -0.0786158
2614 -3.78683e-05
2615 -0.0204116
2616 0
2617 -0.00998002
2618 0
2619 0
2620 -0.0184907
2621 0.125901
2622 0
2623 -0.00073087
2624 0.0690381
2625 0.0671158
2626 -3.77647e-05
2627 -0.0436949
2628 0
2629 -0.019672
2630 -3.77647e-05
2631 -0.00734013
2632 0
2633 -0.0284707
2634 0
2635 -0.00590061
2636 -0.0285921
2637 0
2638 -0.0732575
2639 -0.0770885
2640 -0.0150713
2641 0
2642 0.0422375
2643 0
2644 0
2645 0
2646 -0.019672
2647 -0.000464814
2648 -0.0676542
2649 0
2650 0
2651 -0.0111873
2652 -0.00590061
2653 0
2654 -5.41198e-21
2655 0
2656 0
2657 0
2658 0
2659 0
2660 0
2661 0
2662 0
2663 0
2664 0
2665 -0.00998002
2666 0
2667 -0.000739572
2668 -0.00998002
2669 -0.0281273
2670 0
2671 0
2672 0
2673 0
2674 0
2675 0
2676 0
2677 -0.000739572
2678 -0.0284707
2679 -0.00898193
2680 -0.00364915
2681 0
2682 -0.0184907
2683 0
2684 0
2685 -3.77647e-05
2686 -0.0237533
2687 0.0396188
2688 0
2689 0
2690 0
2691 0
2692 0
2693 0
2694 -0.0676542
2695 0.0354613
2696 0
2697 0
2698 -0.0228297
2699 0
2700 -3.77647e-05
2701 -0.0284707
2702 -0.0132527
2703 0.0865915
2704 -0.0014412
2705 0.0396188
2706 0.0852107
2707 -3.78683e-05
2708 -0.0225337
2709 -3.77647e-05
2710 0
2711 -0.00875809
2712 0
2713 0
2714 -0.0391582
2715 0
2716 0
2717 -0.0284707
2718 -0.00903227
2719 -0.0132527
2720 0.0513083
2721 -0.0155487
2722 0
2723 -0.0812364
2724 -0.434609
2725 0
2726 0
2727 -0.0437329
2728 0
2729 -0.0391582
2730 -0.0143138
2731 0.0396188
2732 -0.0530312
2733 0.0852107
2734 -3.78683e-05
2735 -0.0194729
2736 0
2737 0
2738 0
2739 -0.0184907
2740 -7.48155e-09
2741 0
2742 -0.0560821
2743 -1.17948e-13
2744 -0.0281273
2745 0
2746 -0.0289525
2747 0
2748 -0.0228297
2749 0
2750 -0.0214602
2751 0
2752 0.0671158
2753 0
2754 -0.0132527
2755 0
2756 0
2757 0
2758 -3.77647e-05
2759 0
2760 0
2761 0
2762 0
2763 0
2764 0
2765 -1.17948e-13
2766 -0.0391582
2767 0
2768 -0.0385743
2769 0
2770 0
2771 0
2772 -0.0369814
2773 0.0702476
2774 -0.00903227
2775 0.0139533
2776 0
2777 0
2778 0
2779 -0.00855906
2780 0
2781 0.0702476
2782 0
2783 0.0396188
2784 -0.00875809
2785 0.0139533
2786 0
2787 -0.131342
2788 0.0240519
2789 -0.000464814
2790 -5.41198e-21
2791 0
2792 -0.0224821
2793 -0.0184907
2794 0
2795 0
2796 -0.0375268
2797 -3.78683e-05
2798 -0.00631527
2799 -0.0310975
2800 0
2801 0
2802 0
2803 -0.0214602
2804 -0.0812364
2805 0.0976745
2806 0
2807 -0.0284707
2808 0.0875153
2809 0
2810 -0.0333427
2811 -5.41198e-21
2812 0
2813 -0.00073087
2814 -0.0686195
2815 -0.0014412
2816 0
2817 0.0310893
2818 0
2819 -0.0644988
2820 -0.0235693
2821 -5.41198e-21
2822 -0.0391582
2823 0
2824 0
2825 -0.00898193
2826 -3.78683e-05
2827 -0.0155487
2828 0.0532275
2829 -0.00387237
2830 0
2831 0
2832 0
2833 -0.0725261
2834 0.0513083
2835 0
2836 0
2837 0
2838 0
2839 0
2840 0.0240519
2841 -0.0225337
2842 0
2843 -0.0230902
2844 -7.57366e-05
2845 0
2846 0
2847 0
2848 -0.195649
2849 0.0371926
2850 0
2851 0.0661427
2852 0.0521505
2853 -0.188517
2854 -0.00631527
2855 0
2856 -0.0281273
2857 -0.019672
2858 -0.0787773
2859 0
2860 -0.0199367
2861 0
2862 0
2863 0.0490255
2864 0.0240519
2865 -0.0194729
2866 0
2867 0
2868 0
2869 0
2870 -0.0437329
2871 0
2872 0.0852107
2873 0
2874 0
2875 -0.0102217
2876 0
2877 -0.00875809
2878 0
2879 0
2880 -0.00898193
2881 0
2882 -0.000464814
2883 -0.0437329
2884 0.0417256
2885 0
2886 0
2887 0.0371926
2888 -0.00855906
2889 0
2890 0
2891 0
2892 0
2893 0.0704897
2894 0
2895 0
2896 0
2897 -0.0413501
2898 -3.78683e-05
2899 -0.0281273
2900 -0.000464814
2901 -0.0413501
2902 0.0702476
2903 -0.00898193
2904 0
2905 -0.00631527
2906 -3.77647e-05
2907 0.0396188
2908 -0.175237
2909 0.0591389
2910 -0.0560821
2911 0
2912 -0.0569414
2913 0
2914 -0.0155487
2915 -0.00196558
2916 0
2917 0.0230185
2918 -0.0184907
2919 -0.00898193
2920 0
2921 -3.77647e-05
2922 0
2923 -0.0890311
2924 0.0365214
2925 0
2926 0
2927 -0.00903227
2928 -0.0812364
2929 0
2930 0
2931 -0.00998002
2932 0.0371926
2933 0.0240519
2934 -0.0560821
2935 0
2936 -0.0225337
2937 0
2938 0
2939 0.159234
2940 -0.0644988
2941 0
2942 -0.00875809
2943 0
2944 -0.0408595
2945 0
2946 0.0396188
2947 0.0240519
2948 0
2949 0.0704897
2950 -3.77647e-05
2951 0
2952 0
2953 0
2954 0
2955 -0.0184907
2956 0
2957 -0.0385743
2958 0
2959 0
2960 -3.77647e-05
2961 0
2962 0
2963 0
2964 -0.0230902
2965 0
2966 0
2967 -0.00898193
2968 0
2969 -0.0284707
2970 -0.0184907
2971 0
2972 -0.00531357
2973 -0.0284707
2974 -3.78683e-05
2975 0
2976 -0.00875809
2977 -0.296078
2978 0.0521505
2979 -0.00875809
2980 -0.0150446
2981 -0.0437329
2982 -0.0413501
2983 0.120427
2984 -0.0543124
2985 -0.0160135
2986 0
2987 -0.0284707
2988 -3.77647e-05
2989 0
2990 0
2991 0
2992 0
2993 -0.0155487
2994 0
2995 0
2996 -0.00998002
2997 0
2998 -0.0155487
2999 -0.0155487
3000 -0.0281273
3001 -0.0560821
3002 -0.0155487
3003 0
3004 0.0976745
3005 0
3006 0
3007 0
3008 0
3009 0
3010 -5.85445e-07
3011 0
3012 0
3013 -0.0437329
3014 -3.78683e-05
3015 0
3016 0
3017 -0.10717
3018 -0.0214602
3019 0
3020 -0.00855965
3021 0
3022 -0.00734013
3023 -0.0143138
3024 0
3025 0
3026 -7.48155e-09
3027 -0.0155487
3028 0
3029 -0.0184907
3030 -0.00590061
3031 -0.0675744
3032 -0.0281273
3033 0.222569
3034 0
3035 -0.0184907
3036 0
3037 0.0365214
3038 0
3039 0
3040 0
3041 0
3042 0
3043 -0.0437329
3044 0.0371926
3045 -0.0224827
3046 0.29564
3047 0
3048 -0.0155487
3049 0
3050 -1.17948e-13
3051 0.0538568
3052 -0.0385743
3053 0.0240519
3054 -0.175237
3055 -0.0281273
3056 0
3057 -3.77647e-05
3058 0
3059 0
3060 -0.0391582
3061 0
3062 0.348285
3063 -0.00875809
3064 0
3065 0
3066 0.147301
3067 -0.00875809
3068 -0.00898193
3069 -0.00903227
3070 0.0702476
3071 0
3072 -0.0981488
3073 -0.0230902
3074 -7.57366e-05
3075 0
3076 -7.48155e-09
3077 -0.0281273
3078 -7.48155e-09
3079 0
3080 0.0521505
3081 0
3082 -0.0605915
3083 0
3084 0
3085 -0.0981488
3086 0
3087 -5.85445e-07
3088 0
3089 -0.000464814
3090 0
3091 -0.0770885
3092 0
3093 -0.0638783
3094 0
3095 0
3096 -0.0132527
3097 -0.0300152
3098 0
3099 0
3100 0
3101 -0.0413501
3102 -0.0143138
3103 0
3104 0.0371926
3105 0
3106 0.0139533
3107 0
3108 0.0671158
3109 -0.01996
3110 -0.0787773
3111 -5.85445e-07
3112 -3.78683e-05
3113 0
3114 0.0422375
3115 0
3116 -0.0437329
3117 -0.0421008
3118 0.0704897
3119 0.0538568
3120 -0.0132527
3121 0.0730707
3122 0
3123 0
3124 0
3125 -3.77647e-05
3126 0
3127 0
3128 0
3129 -0.0675744
3130 -5.41198e-21
3131 0
3132 -0.0413501
3133 -1.17948e-13
3134 0
3135 -0.00875809
3136 0
3137 0
3138 -0.00898193
3139 0
3140 0.0759064
3141 -0.000464814
3142 0
3143 -0.000464814
3144 -0.0786158
3145 -0.0727332
3146 -0.0155487
3147 0
3148 -0.00855906
3149 0
3150 0.346303
3151 0
3152 0
3153 0
3154 -0.0560821
3155 -0.050332
3156 0
3157 0
3158 -0.0237533
3159 0
3160 -0.00855906
3161 0
3162 0
3163 -0.0132527
3164 0
3165 0
3166 -0.0437329
3167 0
3168 0.189461
3169 0.0702476
3170 -0.0413501
3171 -0.0225337
3172 0
3173 0
3174 0.0371926
3175 0
3176 0
3177 0
3178 0.0365214
3179 0
3180 0
3181 0
3182 0
3183 -0.0225337
3184 0
3185 -0.0532881
3186 -0.00631527
3187 -0.0155487
3188 0
3189 -0.0567637
3190 0
3191 -0.0150713
3192 0
3193 0
3194 0.2298
3195 0
3196 -0.0481997
3197 -0.0369814
3198 -0.0132527
3199 -1.17948e-13
3200 0.0371926
3201 0
3202 0.0513083
3203 0.0690381
3204 0.184266
3205 -0.00998002
3206 -0.0184907
3207 -0.46496
3208 0
3209 0
3210 0
3211 0
3212 0
3213 0.0852107
3214 0.118962
3215 0
3216 -0.0155487
3217 -0.0770885
3218 -0.0692003
3219 -5.85445e-07
3220 -3.77647e-05
3221 -0.0155487
3222 -0.00387237
3223 -0.00998002
3224 -0.0184907
3225 -0.0284707
3226 -0.00855906
3227 0
3228 0
3229 -0.0530312
3230 -0.0281273
3231 -0.0129913
3232 0
3233 -0.0457898
3234 0
3235 0
3236 0
3237 0
3238 0.0976745
3239 0
3240 -3.77647e-05
3241 0.0730707
3242 -0.00998002
3243 0
3244 -0.0102217
3245 -7.48155e-09
3246 -0.0981488
3247 0
3248 0.0976745
3249 0
3250 0
3251 0
3252 0
3253 0
3254 0
3255 0
3256 0
3257 0
3258 0
3259 0
3260 0
3261 0.0702476
3262 0.0396188
3263 0
3264 0
3265 -0.10717
3266 0
3267 0
3268 0
3269 0
3270 0.0976745
3271 0
3272 0
3273 -0.0770885
3274 -0.000464814
3275 -0.004872
3276 0.0365214
3277 -0.0180645
3278 0
3279 -0.0014412
3280 -7.48155e-09
3281 0
3282 0.00763801
3283 -0.0155487
3284 -0.0225337
3285 -0.0812364
3286 0
3287 -0.00875809
3288 -0.00903227
3289 0
3290 0
3291 0
3292 0
3293 0
3294 0
3295 0
3296 -0.0560821
3297 0
3298 -3.78683e-05
3299 -0.0720506
3300 -0.000464814
3301 0
3302 0
3303 0
3304 0
3305 -0.0333427
3306 -0.0300152
3307 -5.85445e-07
3308 0
3309 0
3310 0.120427
3311 0.0865915
3312 -0.0143138
3313 0.0230185
3314 0.143263
3315 0.0690381
3316 0.0371926
3317 0.0371926
3318 0
3319 0
3320 0
3321 0
3322 -3.77647e-05
3323 -0.0770885
3324 0.0371926
3325 0
3326 -0.0155487
3327 0.0690381
3328 -7.48155e-09
3329 -0.0437329
3330 0
3331 0.0865915
3332 -0.0584291
3333 -0.0194729
3334 -5.41198e-21
3335 0
3336 0.0704897
3337 0
3338 0
3339 -3.77647e-05
3340 -0.004872
3341 0
3342 -0.0184907
3343 0
3344 -0.00387237
3345 -0.0284707
3346 -0.0567637
3347 -0.0155487
3348 -3.77647e-05
3349 -0.0132527
3350 0.0730707
3351 0
3352 0
3353 -0.0235693
3354 0
3355 0
3356 0.0671158
3357 -0.0184907
3358 0
3359 -0.0150446
3360 -0.0436949
3361 0
3362 0.0690381
3363 -0.0413501
3364 -0.0635412
3365 0
3366 -0.004872
3367 0
3368 0.0759064
3369 0
3370 0
3371 -0.230914
3372 0
3373 -3.77647e-05
3374 0
3375 -0.0225337
3376 -0.0194729
3377 0
3378 0
3379 -0.00903227
3380 0.0513083
3381 -3.78683e-05
3382 -0.0184907
3383 0
3384 -0.0584291
3385 -0.0327855
3386 -0.0638783
3387 0
3388 -0.0204116
3389 0.126232
3390 -0.102369
3391 -0.0981488
3392 -0.000739572
3393 -0.0333427
3394 -0.0184907
3395 -0.0132527
3396 -0.0300152
3397 -0.0560821
3398 -0.137307
3399 -0.0194729
3400 0
3401 -0.000464814
3402 -0.00531357
3403 -0.0214602
3404 0
3405 -3.78683e-05
3406 -0.0281273
3407 0.0371926
3408 0.0139533
3409 0
3410 -0.103151
3411 -0.0333427
3412 -0.0143138
3413 -5.41198e-21
3414 0
3415 0
3416 0
3417 -0.00998002
3418 -0.00590061
3419 -5.85445e-07
3420 -0.0204116
3421 -0.0224821
3422 -0.00875809
3423 -0.0530312
3424 -0.0155487
3425 -0.0391582
3426 0
3427 0
3428 0
3429 0
3430 0
3431 0
3432 -0.00903227
3433 0.0365214
3434 -0.00949084
3435 -0.10717
3436 0
3437 -0.0462869
3438 0.0139533
3439 0
3440 -0.0635412
3441 0
3442 0
3443 0
3444 -0.00949084
3445 0.0202686
3446 0.0875153
3447 -0.00387237
3448 0
3449 -0.0230902
3450 0
3451 0.0976745
3452 -0.0155487
3453 0.0661427
3454 -3.77647e-05
3455 0
3456 0
3457 -0.0235693
3458 0
3459 0
3460 -0.0184907
3461 0
3462 0
3463 0.0490255
3464 -0.00998002
3465 -0.0102217
3466 -0.0132527
3467 0
3468 0.0513083
3469 0
3470 0.0513083
3471 -0.00855906
3472 0
3473 -1.17948e-13
3474 -0.00855906
3475 0
3476 -0.00855906
3477 -7.48155e-09
3478 -0.00590061
3479 -0.0391582
3480 0
3481 -0.0225337
3482 -0.00898193
3483 -0.0237533
3484 -0.0184907
3485 -0.0281273
3486 -0.0225337
3487 0
3488 0
3489 0
3490 0
3491 -0.0228297
3492 -0.0155487
3493 -0.00903227
3494 -0.0487714
3495 0
3496 0
3497 0.0365214
3498 0
3499 0
3500 -0.000464814
3501 -3.77647e-05
3502 0.120427
3503 0
3504 -0.0592816
3505 0.0371926
3506 0
3507 0
3508 -0.00734013
3509 -0.0284707
3510 0.027688
3511 0
3512 0
3513 -0.0204116
3514 -0.00998002
3515 -0.0284707
3516 0.0690381
3517 -0.0375268
3518 -0.0132527
3519 0.0371926
3520 0
3521 -0.0437329
3522 -0.0284707
3523 -0.0727332
3524 -0.0391582
3525 -0.00998002
3526 0
3527 0
3528 0.0759064
3529 -1.17948e-13
3530 0
3531 0
3532 -0.0284707
3533 0
3534 -0.0204116
3535 0
3536 0
3537 -0.042244
3538 -0.0567637
3539 0
3540 -0.0487714
3541 0
3542 -0.0155487
3543 0
3544 0
3545 0
3546 0
3547 -0.279324
3548 -5.85445e-07
3549 0.141013
3550 0
3551 -0.0284707
3552 -0.00590061
3553 0
3554 -0.0225337
3555 0
3556 -0.00898193
3557 0
3558 0.0106777
3559 0
3560 0
3561 -0.0225337
3562 -0.149822
3563 -0.0462869
3564 -0.0214602
3565 -0.0132527
3566 0
3567 0
3568 0
3569 0.0865915
3570 -0.0300152
3571 0
3572 0.157779
3573 -0.0155487
3574 -0.0530312
3575 -3.78683e-05
3576 -0.0230902
3577 -0.00998002
3578 -0.000464814
3579 0
3580 0.0910494
3581 -0.0237533
3582 -0.042244
3583 0.0538568
3584 0.0702476
3585 -5.85445e-07
3586 0
3587 0
3588 0.0513083
3589 -0.0385743
3590 0.0865915
3591 0
3592 0
3593 -0.0184907
3594 -0.198986
3595 -0.0481997
3596 0
3597 -0.00875809
3598 0
3599 -0.0155487
3600 0
3601 0
3602 0
3603 -0.00898193
3604 0
3605 0
3606 0
3607 0
3608 -0.0230902
3609 0.120427
3610 0
3611 -0.0676542
3612 0.0875153
3613 -0.00898193
3614 0
3615 -0.0391582
3616 0
3617 -0.00903227
3618 -0.0567637
3619 -0.0391582
3620 -0.0155487
3621 -0.0284707
3622 0
3623 0
3624 0.0240519
3625 0
3626 0
3627 0
3628 0
3629 0.217064
3630 0.0852107
3631 0
3632 0
3633 0
3634 0
3635 -1.68219e-19
3636 0
3637 0.0371926
3638 0
3639 0.0521505
3640 0.0365214
3641 -0.120565
3642 0
3643 0.118962
3644 0
3645 -0.214185
3646 -0.0225337
3647 0
3648 0.0538568
3649 0
3650 0
3651 -0.00073087
3652 -0.0333427
3653 0
3654 0.0521505
3655 -0.000739572
3656 -0.144814
3657 0
3658 0
3659 0.0396188
3660 -3.77647e-05
3661 0
3662 0
3663 0.0240519
3664 0
3665 0.0704897
3666 0.0139533
3667 -0.00387237
3668 0
3669 0.0521505
3670 0
3671 -0.0675744
3672 0
3673 -0.250732
3674 0
3675 0
3676 -0.0204116
3677 -0.12456
3678 -5.41198e-21
3679 -0.0132527
3680 0
3681 0.0490255
3682 -0.00898193
3683 0
3684 0
3685 0
3686 0
3687 0.0759064
3688 -7.57366e-05
3689 0.0852107
3690 0
3691 0
3692 0
3693 0
3694 0
3695 0.0365214
3696 0
3697 0
3698 0
3699 0
3700 -0.0214602
3701 0
3702 0
3703 -0.0413501
3704 0
3705 -0.0300152
3706 -0.00998002
3707 -0.0437329
3708 -0.00898193
3709 0
3710 0
3711 0
3712 -0.0184907
3713 -0.00898193
3714 0
3715 0.0240519
3716 -3.77647e-05
3717 -0.0756997
3718 -0.0554721
3719 0
3720 -1.17948e-13
3721 0
3722 0.0139533
3723 0
3724 -0.0487714
3725 0
3726 -0.0204116
3727 -0.0284707
3728 0
3729 0.0240519
3730 -0.0155487
3731 -0.0155487
3732 0
3733 -0.0194729
3734 -0.0014412
3735 0
3736 -0.00631527
3737 -0.0237533
3738 -0.0155487
3739 0
3740 0.0532275
3741 -0.0272488
3742 -0.000464814
3743 0.0661427
3744 0.0371926
3745 0
3746 -0.0444843
3747 -0.0132527
3748 0
3749 0.0976745
3750 -3.77647e-05
3751 -0.000464814
3752 0
3753 -0.00998002
3754 0.128955
3755 -0.054846
3756 -0.00531357
3757 -0.000464814
3758 -0.10717
3759 -0.0237533
3760 0
3761 -0.00073087
3762 0.0490255
3763 -0.0413501
3764 0
3765 0
3766 0.0202686
3767 -0.0648135
3768 0
3769 -7.48155e-09
3770 -0.0184907
3771 0
3772 -0.0457898
3773 -0.00364915
3774 0
3775 -0.254336
3776 0
3777 0.130473
3778 -0.00903227
3779 0
3780 -0.0184907
3781 0
3782 0
3783 0
3784 -3.77647e-05
3785 0
3786 -0.00875809
3787 -3.77647e-05
3788 0
3789 0.0865915
3790 -0.0225337
3791 -5.85445e-07
3792 -0.0194729
3793 -0.0562545
3794 -3.78683e-05
3795 0
3796 -0.0132527
3797 0.0371926
3798 -0.0284707
3799 0
3800 0.0852107
3801 0
3802 0
3803 -0.0444843
3804 -0.0107467
3805 0.0976745
3806 -0.00631527
3807 0.0538568
3808 -0.0413501
3809 -0.0214602
3810 -0.00855906
3811 -3.77647e-05
3812 -0.0155487
3813 0
3814 0
3815 0.0240519
3816 -0.0132527
3817 0
3818 -0.0194729
3819 0.0365214
3820 0.0240519
3821 0
3822 0
3823 -0.0437329
3824 0.0240519
3825 -0.0413501
3826 0
3827 0.0875153
3828 0
3829 0
3830 0
3831 -0.0391582
3832 -0.0225337
3833 0.0671158
3834 -0.234742
3835 -0.0812364
3836 -7.57366e-05
3837 0
3838 -0.0237533
3839 0
3840 0
3841 0
3842 0
3843 0.118962
3844 0
3845 -0.000739572
3846 -0.00590061
3847 0
3848 0
3849 -0.00387237
3850 0
3851 -0.0787773
3852 0
3853 -0.0530106
3854 0
3855 0
3856 0
3857 -0.054846
3858 -0.0391582
3859 0.0538568
3860 0.0521505
3861 0
3862 0
3863 0
3864 0
3865 0
3866 0
3867 -3.78683e-05
3868 0
3869 0
3870 -0.0237533
3871 0
3872 0
3873 -0.00998002
3874 -0.0567637
3875 0
3876 0
3877 0
3878 0
3879 0.214084
3880 0
3881 -7.55294e-05
3882 -5.41198e-21
3883 0.0202686
3884 0
3885 0.0702476
3886 0
3887 -0.0129913
3888 -0.0482754
3889 -0.00875809
3890 0.0521505
3891 -0.0391582
3892 0.027688
3893 0
3894 -0.0184907
3895 0
3896 0
3897 0
3898 0
3899 -0.00855906
3900 -0.00631527
3901 0.0852107
3902 -0.0770885
3903 0.130857
3904 0
3905 0
3906 0.0521505
3907 -0.00998002
3908 -0.0281273
3909 0
3910 -0.0235693
3911 -0.0457898
3912 0
3913 0
3914 0.0521505
3915 -0.0155487
3916 -5.85445e-07
3917 -0.144889
3918 0
3919 0
3920 -5.85445e-07
3921 -0.0333427
3922 0
3923 0
3924 0
3925 -0.000464814
3926 0.0591389
3927 0
3928 -7.48155e-09
3929 0
3930 0
3931 0
3932 0
3933 0
3934 -0.0333427
3935 -3.77647e-05
3936 0
3937 0
3938 0
3939 0.0671158
3940 0.0702476
3941 -0.0272488
3942 -0.0385743
3943 -0.0284707
3944 -0.0225337
3945 0
3946 0
3947 -0.0333427
3948 0
3949 -3.78683e-05
3950 0
3951 0
3952 -0.00998002
3953 -0.0567637
3954 -0.0981488
3955 0.0702476
3956 -0.0567637
3957 0
3958 0
3959 0
3960 0.0513083
3961 -0.0284707
3962 0.0702476
3963 -5.85445e-07
3964 0.0521505
3965 0
3966 -0.0184907
3967 -0.00531357
3968 0
3969 -0.0567637
3970 0
3971 0.0852107
3972 -0.131195
3973 -0.0284707
3974 0.0730707
3975 -0.00998002
3976 -0.0560821
3977 -0.000464814
3978 -5.92926e-07
3979 -0.0129913
3980 -0.0143138
3981 -0.0281273
3982 0
3983 0
3984 -5.41198e-21
3985 0
3986 -0.000464814
3987 -3.77647e-05
3988 0
3989 0
3990 0
3991 -3.77647e-05
3992 -0.00875809
3993 0.120427
3994 0
3995 0
3996 -0.0981488
3997 -3.78683e-05
3998 0.0240519
3999 0
4000 -0.0132527
4001 0
4002 0
4003 -0.0228297
4004 0
4005 -0.00631527
4006 0
4007 -0.0155487
4008 -0.0132527
4009 0.0521505
4010 0.0240519
4011 0
4012 0
4013 0
4014 0
4015 0
4016 -0.0437329
4017 -0.000464814
4018 -0.000739572
4019 0.0702476
4020 0
4021 -7.48155e-09
4022 -0.0692003
4023 -0.00898193
4024 0
4025 -3.77647e-05
4026 -0.00387237
4027 0
4028 -0.0143138
4029 0.0240519
4030 0
4031 0
4032 0
4033 -0.0635412
4034 0
4035 -0.00898193
4036 0.0730707
4037 0
4038 0
4039 -0.0237533
4040 -0.0476435
4041 0.0730707
4042 0
4043 0
4044 0.0690381
4045 0
4046 0
4047 -0.00364915
4048 -3.77647e-05
4049 0
4050 -3.77647e-05
4051 0
4052 0
4053 -0.0155487
4054 -0.00875809
4055 0
4056 -0.0391582
4057 -0.0654618
4058 -0.0194729
4059 0
4060 0
4061 0.0230185
4062 0.0139533
4063 -0.0391582
4064 -0.00364916
4065 -0.0204116
4066 -5.41198e-21
4067 0.0365214
4068 -0.0413501
4069 -0.00364915
4070 0.0671158
4071 0
4072 0
4073 0.0532275
4074 0.0521505
4075 0
4076 0
4077 0
4078 0
4079 -0.0770885
4080 0
4081 -0.0413501
4082 -0.0391582
4083 0
4084 -5.85445e-07
4085 0
4086 0
4087 -0.0333427
4088 0
4089 0
4090 0
4091 -0.0284707
4092 -0.00903227
4093 -7.48155e-09
4094 -0.0228297
4095 -0.0136215
4096 -1.17948e-13
4097 0
4098 0.0759064
4099 -0.0289525
4100 -0.0237533
4101 -0.0237533
4102 -0.0333427
4103 -0.0676542
4104 -0.10717
4105 0.0396188
4106 0
4107 -0.0102217
4108 -0.00903227
4109 -7.57366e-05
4110 0
4111 -0.0132527
4112 0.0976745
4113 -0.189566
4114 -3.77647e-05
4115 -0.0214602
4116 0
4117 -0.0184907
4118 0
4119 0
4120 -0.0567637
4121 0
4122 -0.0812364
4123 -0.00734013
4124 0
4125 -0.0432262
4126 0
4127 -0.0214602
4128 0
4129 -0.0413501
4130 0
4131 -0.0225337
4132 -5.41198e-21
4133 -0.0333427
4134 0
4135 0.0240519
4136 0
4137 -0.0756997
4138 0
4139 0
4140 -0.00734013
4141 -0.0272488
4142 -0.00898193
4143 -0.0284707
4144 -0.0854121
4145 0
4146 0
4147 0
4148 0
4149 -0.00998002
4150 0
4151 0.0704897
4152 0.0717184
4153 0
4154 0
4155 -0.00590061
4156 0
4157 -0.00855906
4158 0
4159 -0.0235693
4160 0
4161 -0.0289525
4162 0
4163 -0.0675744
4164 0
4165 0
4166 -0.0676542
4167 0
4168 -0.0408595
4169 -0.167153
4170 0
4171 -7.57366e-05
4172 -0.0225337
4173 0
4174 0
4175 0
4176 0
4177 0
4178 0
4179 0
4180 -0.0584291
4181 -0.0230902
4182 0
4183 0
4184 -1.17948e-13
4185 0
4186 -1.17948e-13
4187 -0.00590061
4188 0
4189 0.0702476
4190 0.0730707
4191 0
4192 0
4193 -0.00998002
4194 0
4195 -0.0155487
4196 0
4197 -0.0812364
4198 0
4199 0
4200 -3.77647e-05
4201 -0.0155487
4202 0.118962
4203 -5.41198e-21
4204 0
4205 0
4206 -0.0812364
4207 -0.00631527
4208 0
4209 0
4210 0
4211 0
4212 0.0396188
4213 -0.0204116
4214 0.0700172
4215 0.0396188
4216 -0.0155487
4217 0
4218 -0.0155487
4219 -0.00875809
4220 -0.0567637
4221 0
4222 0
4223 0
4224 0
4225 -7.48155e-09
4226 0
4227 0.0139533
4228 -0.00073087
4229 0
4230 -0.0676542
4231 0.0717184
4232 -0.0391582
4233 0
4234 0
4235 -0.0787773
4236 0.0111481
4237 0.0976745
4238 0
4239 -0.0184907
4240 0
4241 -0.0150713
4242 0.345745
4243 0.0111481
4244 0.0365214
4245 0.0371926
4246 0
4247 0
4248 0.198219
4249 -0.0487714
4250 0
4251 -7.48155e-09
4252 -0.0981488
4253 -0.00898193
4254 0
4255 -0.0214602
4256 -0.00387237
4257 0
4258 0
4259 -0.0692003
4260 0
4261 0
4262 0
4263 0
4264 0
4265 0
4266 -0.000464814
4267 0
4268 0
4269 0.0139533
4270 -0.00998002
4271 0
4272 0
4273 0
4274 0.0365214
4275 0.0396188
4276 -0.0786158
4277 0
4278 -0.000739572
4279 -0.00898193
4280 0
4281 -0.00734013
4282 0.0521505
4283 0
4284 0
4285 0
4286 0
4287 0
4288 0.0704897
4289 -0.0194729
4290 -0.00875809
4291 0
4292 0
4293 -5.85445e-07
4294 0
4295 0
4296 -0.0705715
4297 -0.0437329
4298 -0.00855906
4299 -0.0408595
4300 0
4301 -0.0281273
4302 0
4303 -0.0333427
4304 -0.0770885
4305 0
4306 0
4307 -0.0981488
4308 0
4309 -0.00875809
4310 -1.17948e-13
4311 0
4312 0
4313 -0.0981488
4314 0.0371926
4315 0.0865915
4316 -0.0214602
4317 -0.0644988
4318 -0.0567637
4319 -0.0150446
4320 -0.0770885
4321 0
4322 -0.00998002
4323 -3.77647e-05
4324 0
4325 0
4326 0.0202686
4327 -0.0204116
4328 0.0365214
4329 0
4330 0
4331 0
4332 0
4333 0
4334 0
4335 -3.78683e-05
4336 0
4337 0
4338 0
4339 0
4340 0
4341 -1.17948e-13
4342 -3.77647e-05
4343 -0.00531357
4344 -0.0194729
4345 -0.0281273
4346 0.0230185
4347 -0.0155487
4348 -0.0194729
4349 0
4350 -0.0272488
4351 0
4352 0
4353 0
4354 0.0396188
4355 0
4356 0
4357 0
4358 0
4359 -0.0132527
4360 0
4361 0
4362 -0.0132527
4363 0
4364 0.0976745
4365 0
4366 0
4367 -0.00855906
4368 0.0490255
4369 -0.0284707
4370 0.0661427
4371 0
4372 0
4373 -0.0705715
4374 0
4375 -0.00949084
4376 0
4377 -0.0284707
4378 -0.0230902
4379 -0.000464814
4380 0
4381 -0.00998002
4382 0
4383 -0.00998002
4384 0.239389
4385 0
4386 -0.0825062
4387 -5.85445e-07
4388 0
4389 -0.0228297
4390 -0.00875809
4391 0
4392 0
4393 0.0139533
4394 -0.0770885
4395 0
4396 -0.0194729
4397 -0.12456
4398 -0.0184907
4399 0
4400 0.0521505
4401 0
4402 0
4403 -0.120458
4404 -0.0272488
4405 -0.00631527
4406 -0.0102217
4407 0
4408 0
4409 0.0521505
4410 -0.0194729
4411 -0.0194729
4412 -0.0281273
4413 -7.55294e-05
4414 -1.17948e-13
4415 0
4416 0
4417 0
4418 0
4419 0
4420 0.0354613
4421 0
4422 0
4423 0
4424 0
4425 0
4426 -0.019672
4427 -0.00998002
4428 0
4429 -7.48155e-09
4430 -0.00903227
4431 0.0396188
4432 0
4433 0
4434 0
4435 -0.0584291
4436 0
4437 0
4438 -0.0184907
4439 0
4440 -0.00855906
4441 -0.0284707
4442 0
4443 -0.00590061
4444 -0.000502683
4445 0
4446 0.0865915
4447 0
4448 0
4449 0
4450 0
4451 -3.78683e-05
4452 0
4453 0
4454 -0.0014412
4455 0
4456 -0.0333427
4457 0
4458 0.0976745
4459 0
4460 -0.0230902
4461 -0.00631527
4462 -3.78683e-05
4463 -3.77647e-05
4464 0
4465 0
4466 0
4467 -0.00855906
4468 0
4469 0.0230185
4470 -0.00734013
4471 -0.0408595
4472 -0.0237533
4473 0
4474 -0.0230902
4475 -3.77647e-05
4476 -7.48155e-09
4477 0
4478 0.0365214
4479 0
4480 0
4481 0
4482 -0.0567637
4483 -0.0155487
4484 -0.0333427
4485 0.0365214
4486 -0.000464814
4487 0.118962
4488 -0.00387237
4489 0
4490 0
4491 -0.0129913
4492 0
4493 0.0365214
4494 0
4495 0
4496 0
4497 -0.00734013
4498 -0.00898193
4499 -0.0635412
4500 0.0230185
4501 0
4502 0
4503 -0.0014412
4504 -0.0237533
4505 -0.0225337
4506 0.0365214
4507 -0.0230902
4508 -0.000464814
4509 -0.0457898
4510 0
4511 0
4512 -0.00875809
4513 0
4514 0
4515 0
4516 0.0702476
4517 0
4518 -0.0812364
4519 0
4520 0
4521 0
4522 0
4523 -0.0225337
4524 -0.00998002
4525 0
4526 0
4527 -0.0284707
4528 0
4529 -7.48155e-09
4530 -0.0391582
4531 0.0704897
4532 -5.41198e-21
4533 -3.77647e-05
4534 0.0240519
4535 0
4536 0
4537 -1.68219e-19
4538 -0.0194729
4539 0
4540 -0.209631
4541 -1.17948e-13
4542 -0.0437329
4543 -0.0265053
4544 -0.000464814
4545 -0.0560097
4546 0
4547 -0.282595
4548 -0.0487714
4549 0
4550 -7.48155e-09
4551 0
4552 0
4553 0
4554 0
4555 -5.85445e-07
4556 0
4557 -0.0692003
4558 -0.0567637
4559 0
4560 0
4561 0
4562 0
4563 -0.000464814
4564 0
4565 0
4566 0
4567 0
4568 -0.0194729
4569 0
4570 -5.41198e-21
4571 -0.0487714
4572 -0.0160135
4573 -0.0787773
4574 0
4575 0
4576 0
4577 -0.0143138
4578 -0.00903227
4579 0.0591389
4580 -0.0770885
4581 0
4582 -0.0132527
4583 0
4584 0
4585 -0.0981488
4586 0.0702476
4587 0.00733409
4588 -0.0981488
4589 0
4590 0.0702476
4591 -0.00855906
4592 -0.00590061
4593 0
4594 0
4595 -3.78683e-05
4596 0
4597 0
4598 0
4599 0
4600 -0.0184907
4601 -0.0155487
4602 -0.0184907
4603 -0.000464814
4604 0
4605 -0.00898193
4606 -0.0391582
4607 0.0521505
4608 0.174044
4609 0
4610 0.0230185
4611 0
4612 -0.0981488
4613 0
4614 0.0240519
4615 0
4616 0
4617 0
4618 0
4619 -0.0391582
4620 -3.78683e-05
4621 -0.00875809
4622 -5.41198e-21
4623 0
4624 0
4625 0
4626 -0.00734013
4627 0
4628 0
4629 0.0521505
4630 0.0365214
4631 -0.00903227
4632 -0.00855906
4633 0
4634 0
4635 -0.027305
4636 -0.0654618
4637 0
4638 0.027688
4639 0.0521505
4640 0
4641 0
4642 -3.77647e-05
4643 0
4644 -0.0284707
4645 0
4646 0.0910494
4647 -0.0102217
4648 0
4649 -0.042244
4650 -0.0303955
4651 0
4652 0
4653 0
4654 0
4655 0.0976745
4656 0.0717184
4657 -0.0132527
4658 0
4659 0
4660 -0.0129913
4661 0.0768115
4662 -3.78683e-05
4663 -0.0437329
4664 0
4665 0
4666 0
4667 -0.0437329
4668 0
4669 -0.0132527
4670 -1.17948e-13
4671 -0.0102217
4672 -1.68219e-19
4673 -3.77647e-05
4674 -0.0487714
4675 0
4676 -0.0293935
4677 -0.0132527
4678 0
4679 0
4680 -0.0770885
4681 -0.0228297
4682 0.0230185
4683 -3.78683e-05
4684 0
4685 0
4686 0
4687 -0.00387237
4688 0
4689 -0.0487714
4690 -0.0014412
4691 0
4692 -0.000464814
4693 -0.0327855
4694 -0.0289525
4695 -0.0560821
4696 -0.0132527
4697 -0.0102217
4698 -0.0265053
4699 0
4700 -0.00898193
4701 -0.0567637
4702 0
4703 0.0759064
4704 -0.0487714
4705 0
4706 0
4707 0
4708 0
4709 0.0371926
4710 0
4711 -0.0150446
4712 0
4713 0
4714 0.118962
4715 0
4716 -0.0787773
4717 0
4718 0
4719 -0.000464814
4720 -0.00631527
4721 0.0532275
4722 0.263005
4723 -0.0635412
4724 0
4725 -0.0204116
4726 -0.0155487
4727 0.00733409
4728 0
4729 -0.00949084
4730 0
4731 0
4732 -0.0391582
4733 0
4734 0
4735 -0.0457898
4736 -0.0959559
4737 -0.0281273
4738 -0.0675744
4739 0
4740 0.0240519
4741 0
4742 -0.00998002
4743 0.0702476
4744 0
4745 0.0365214
4746 0.0365214
4747 0.297495
4748 -0.00898193
4749 0
4750 -0.0567637
4751 0
4752 -0.00875809
4753 -0.121263
4754 -0.0391582
4755 0.0865915
4756 -0.0284707
4757 0
4758 -0.0436949
4759 0
4760 -0.0237533
4761 0.0865915
4762 0
4763 -0.0194729
4764 0
4765 0
4766 -7.48155e-09
4767 0
4768 0
4769 0
4770 -0.100666
4771 -3.77647e-05
4772 -0.0281273
4773 0
4774 0
4775 -7.48155e-09
4776 0
4777 -1.17948e-13
4778 0.0759064
4779 0
4780 0.0532275
4781 0.0396188
4782 -0.0933696
4783 -0.00364915
4784 0
4785 0
4786 -0.00387237
4787 0.0976745
4788 0
4789 0.217027
4790 0.0371926
4791 -1.17948e-13
4792 -0.0102217
4793 -0.0132527
4794 0
4795 -5.85445e-07
4796 0
4797 -0.0132527
4798 0
4799 -5.41198e-21
4800 0
4801 0
4802 0
4803 0
4804 0.0106777
4805 0
4806 -0.00875809
4807 0
4808 0
4809 -0.0129913
4810 0
4811 0
4812 -0.0333427
4813 0
4814 0
4815 0
4816 0
4817 -0.0437329
4818 0
4819 -0.0981488
4820 -0.00531357
4821 -0.00531357
4822 -3.78683e-05
4823 0
4824 -0.0437329
4825 0
4826 0
4827 0
4828 -0.0214602
4829 0
4830 -0.0391582
4831 0
4832 0
4833 -0.01996
4834 -0.0281273
4835 -0.0437329
4836 -0.0676542
4837 -0.0530312
4838 0
4839 0
4840 0
4841 0
4842 -1.68219e-19
4843 -0.0132527
4844 -0.0102217
4845 -0.0584291
4846 -0.0770885
4847 -0.0180645
4848 -3.77647e-05
4849 -0.0981488
4850 -0.0155487
4851 -5.85445e-07
4852 0
4853 -0.0132527
4854 0
4855 -0.0155487
4856 -3.78683e-05
4857 -3.78683e-05
4858 -0.000464814
4859 0
4860 0
4861 0
4862 -0.0199367
4863 0
4864 0
4865 0.0114916
4866 0
4867 -0.0462869
4868 0.0759064
4869 -0.0413501
4870 0
4871 0
4872 -0.0284707
4873 0.0730707
4874 -0.0194729
4875 0.0704897
4876 -0.0107467
4877 -3.77647e-05
4878 0.0702476
4879 -0.0300152
4880 0
4881 -0.0770885
4882 -0.0132905
4883 -0.140935
4884 0
4885 0
4886 0
4887 -0.00998002
4888 -0.0230902
4889 0
4890 0
4891 -0.0132527
4892 -5.41198e-21
4893 0.0759064
4894 0.0396188
4895 -0.0132527
4896 0
4897 0
4898 0
4899 -0.0391582
4900 -0.00734013
4901 0
4902 -0.0436949
4903 -0.0567637
4904 0
4905 0
4906 -0.00903227
4907 -0.0289525
4908 -0.0155487
4909 0.0717184
4910 0
4911 -1.17948e-13
4912 0
4913 -0.0333427
4914 0.0759064
4915 -0.0194729
4916 -0.0143138
4917 -0.00364915
4918 -0.0391582
4919 0
4920 0
4921 -0.0333427
4922 0
4923 -0.00998002
4924 -0.0102217
4925 0
4926 0
4927 0.0365214
4928 0
4929 0
4930 0
4931 -0.00734013
4932 0.027688
4933 -0.00898193
4934 0
4935 -0.0184907
4936 0
4937 0
4938 0
4939 -0.0102217
4940 0.2298
4941 -0.00631527
4942 0
4943 0
4944 0
4945 0
4946 0.0396188
4947 0.118962
4948 -0.0787773
4949 -3.78683e-05
4950 -7.48155e-09
4951 0.109351
4952 0
4953 0
4954 0
4955 0
4956 -0.0155487
4957 0.0759064
4958 0
4959 0.0852107
4960 -0.0014412
4961 -0.00875809
4962 0.118962
4963 0
4964 -0.0214602
4965 0
4966 0
4967 0
4968 -3.77647e-05
4969 0
4970 -0.0457898
4971 0
4972 -0.0175913
4973 -0.0155487
4974 0
4975 0
4976 0
4977 0.0571608
4978 0
4979 0
4980 -0.0155487
4981 -0.00898193
4982 0
4983 0
4984 -0.00631527
4985 0
4986 0
4987 -0.12456
4988 -0.0391582
4989 0
4990 0
4991 -0.0132527
4992 0
4993 0
4994 -1.68219e-19
4995 0
4996 0
4997 0.330429
4998 -0.0408595
4999 -0.0132527
5000 -0.0129913
5001 -0.0692003
5002 0
5003 0
5004 -0.0333427
5005 -0.000464814
5006 -0.0333427
5007 -0.00903227
5008 -0.0567637
5009 0
5010 0
5011 -0.0225337
5012 0
5013 0.0139533
5014 -3.77647e-05
5015 -3.77647e-05
5016 0
5017 -0.0692003
5018 -0.00875809
5019 0
5020 -0.0129913
5021 -0.01996
5022 -0.0237533
5023 0
5024 0
5025 0.0365214
5026 -0.0132527
5027 0
5028 -7.57366e-05
5029 0.0396188
5030 0
5031 0
5032 -0.00898193
5033 -0.0385743
5034 0
5035 0.0702476
5036 0
5037 0
5038 -0.00387237
5039 -0.0300152
5040 0
5041 0
5042 0.295292
5043 0
5044 0.0240519
5045 0.0396188
5046 -0.0262743
5047 -0.0481997
5048 0
5049 0
5050 -0.0214602
5051 -0.0567637
5052 0.0591389
5053 -0.0132527
5054 -0.000464814
5055 -0.0129913
5056 0
5057 -0.0981488
5058 0
5059 0
5060 0
5061 -0.0436949
5062 0
5063 -0.0155487
5064 -0.0155487
5065 -0.00855906
5066 0
5067 0
5068 -0.00898193
5069 -0.0644988
5070 -0.0202038
5071 0
5072 -3.77647e-05
5073 -0.0237533
5074 0
5075 0
5076 0
5077 -5.41198e-21
5078 -0.113941
5079 -0.10717
5080 0.198219
5081 0
5082 -0.0204116
5083 0
5084 -0.00875809
5085 -0.0289355
5086 0
5087 -0.0102217
5088 0
5089 -0.0592816
5090 0.0661427
5091 -1.17948e-13
5092 0.120427
5093 -0.00590061
5094 -0.0194729
5095 0
5096 -0.0155487
5097 0
5098 -1.68219e-19
5099 -0.00898193
5100 -0.0284707
5101 0
5102 -0.0237533
5103 -3.78683e-05
5104 0.136501
5105 -0.0676542
5106 -0.0194729
5107 -0.0155487
5108 0
5109 0
5110 0
5111 -0.00898193
5112 0
5113 0
5114 0
5115 0
5116 -5.85445e-07
5117 0.0371926
5118 0
5119 0
5120 -0.0584291
5121 0
5122 -0.00875809
5123 0
5124 -0.00903227
5125 -0.0437329
5126 0
5127 -0.00875809
5128 -0.0214602
5129 -0.00875809
5130 0.0230185
5131 0
5132 -0.190463
5133 0
5134 -5.41198e-21
5135 0
5136 0
5137 0
5138 -0.0284707
5139 0.0202686
5140 -0.0284707
5141 0
5142 0
5143 -0.00073087
5144 0
5145 -0.00998002
5146 0
5147 0.0976745
5148 0.0702476
5149 0
5150 0
5151 -0.00903227
5152 -0.00898193
5153 -0.0150446
5154 0
5155 -5.85445e-07
5156 0
5157 -0.00949084
5158 -0.00998002
5159 0
5160 -0.0530312
5161 0.167319
5162 0
5163 -0.0265053
5164 -0.0890311
5165 -0.0787773
5166 0.0875153
5167 -3.78683e-05
5168 0
5169 0
5170 0.0240519
5171 0
5172 0
5173 0
5174 0
5175 0
5176 -0.0284707
5177 0
5178 0
5179 0
5180 0
5181 0
5182 -0.00875809
5183 -0.0184907
5184 0
5185 -0.00073087
5186 0
5187 0
5188 0
5189 0
5190 -7.48155e-09
5191 0
5192 0
5193 0.235508
5194 -5.41198e-21
5195 -0.00855906
5196 0.130857
5197 0
5198 0
5199 0.0513083
5200 -0.0129913
5201 0
5202 -0.00898193
5203 -0.0592816
5204 -5.41198e-21
5205 -0.000464814
5206 0
5207 0
5208 0
5209 -0.00898193
5210 -0.0175913
5211 -0.0155487
5212 -0.0230902
5213 0
5214 0.0371926
5215 -0.01996
5216 -0.0436949
5217 0
5218 -5.41198e-21
5219 -0.0204116
5220 -0.00590061
5221 -0.0132527
5222 -0.151185
5223 -0.0284707
5224 0
5225 0
5226 0
5227 -0.0293935
5228 0.0240519
5229 -0.0560821
5230 0
5231 0
5232 0
5233 -0.0787773
5234 0
5235 0.0875153
5236 -0.10717
5237 0
5238 0.103889
5239 -0.0184907
5240 0
5241 -0.00903227
5242 0
5243 0
5244 0
5245 -0.12456
5246 0
5247 -3.78683e-05
5248 -0.0215358
5249 0.0976745
5250 0
5251 -0.000464814
5252 0
5253 0
5254 -0.00590061
5255 0.0240519
5256 0.0371926
5257 0
5258 0
5259 -5.41198e-21
5260 0
5261 -0.0155487
5262 0.0976745
5263 -0.000464814
5264 0.027688
5265 0
5266 0
5267 0
5268 -0.0102217
5269 -0.00998002
5270 0
5271 -0.01996
5272 0
5273 -0.000464814
5274 -0.0705715
5275 -3.78683e-05
5276 -0.000739572
5277 -0.0155487
5278 -3.78683e-05
5279 -0.00875809
5280 0
5281 -0.00998002
5282 0
5283 0.0513083
5284 0
5285 0
5286 0
5287 0
5288 -0.00875809
5289 0
5290 -0.0199367
5291 -0.00875809
5292 0
5293 0.0538568
5294 0
5295 0
5296 0
5297 -7.48155e-09
5298 -3.78683e-05
5299 -0.0562545
5300 0.0852107
5301 -0.0770885
5302 0
5303 0
5304 0
5305 -0.0237533
5306 0.120427
5307 0
5308 0.0704897
5309 0
5310 -0.0281273
5311 0
5312 0
5313 -0.0391582
5314 0
5315 -0.00531357
5316 -0.01996
5317 -0.0136215
5318 -0.0230902
5319 0
5320 -0.00734013
5321 0
5322 -0.0237533
5323 0
5324 0.0717184
5325 0
5326 -0.0413501
5327 -0.0408595
5328 0.0532275
5329 -0.0184907
5330 0
5331 0
5332 -3.77647e-05
5333 -0.0284707
5334 0.0591389
5335 0
5336 0
5337 -0.0281273
5338 0
5339 0
5340 -3.78683e-05
5341 -0.0184907
5342 -3.78683e-05
5343 -0.0214602
5344 0.00763801
5345 -0.0437329
5346 0
5347 0
5348 0.123717
5349 0
5350 -0.00898193
5351 -0.0230902
5352 -0.0408595
5353 0
5354 -0.0413501
5355 0
5356 -1.17948e-13
5357 -5.41198e-21
5358 -0.0237533
5359 0
5360 0
5361 -0.00631527
5362 -0.0584291
5363 0.0446433
5364 0.0661427
5365 0
5366 0.0532275
5367 0
5368 0
5369 -0.0391582
5370 0
5371 0
5372 0
5373 0
5374 -0.0237533
5375 0
5376 0
5377 0
5378 -0.0225337
5379 -0.004872
5380 0
5381 -0.0720506
5382 0
5383 -0.0770885
5384 -0.027305
5385 -0.00590061
5386 -0.0230902
5387 0
5388 -0.01996
5389 -0.0155487
5390 0
5391 -0.0825062
5392 0
5393 -0.00590061
5394 -0.0194729
5395 0
5396 0.0521505
5397 0
5398 -0.0184907
5399 0
5400 -0.00903227
5401 0
5402 -0.00875809
5403 0
5404 -0.174735
5405 0.118962
5406 0
5407 0.0521505
5408 -0.0284707
5409 -3.78683e-05
5410 -0.00875809
5411 -0.0787773
5412 -0.0155487
5413 0
5414 -0.00875809
5415 0.0865915
5416 -1.17948e-13
5417 0
5418 -0.0132527
5419 0
5420 0
5421 -5.85445e-07
5422 0.0240519
5423 0
5424 -0.0705715
5425 -0.0284707
5426 0.0240519
5427 -0.00875809
5428 -0.00590061
5429 -0.000464814
5430 0.242245
5431 -0.0560821
5432 -0.00998002
5433 -0.00903227
5434 0
5435 0
5436 0
5437 -0.0890311
5438 0
5439 0
5440 0
5441 0
5442 -5.85445e-07
5443 0
5444 0
5445 -0.0132527
5446 0
5447 0.0690381
5448 -3.77647e-05
5449 0
5450 0
5451 0
5452 0
5453 -0.00875809
5454 0
5455 0.0591389
5456 -0.0284707
5457 0
5458 -0.0235693
5459 0
5460 0
5461 0
5462 -0.117057
5463 -0.0237533
5464 -7.48155e-09
5465 0
5466 0
5467 -0.00590061
5468 0
5469 -5.85445e-07
5470 -0.0284707
5471 0
5472 -0.0705715
5473 -0.10717
5474 0
5475 -0.0333427
5476 0
5477 -3.77647e-05
5478 -0.0228297
5479 0
5480 0
5481 0.0240519
5482 0.0371926
5483 0
5484 -0.0391582
5485 0.057237
5486 0
5487 0
5488 -0.00590061
5489 0
5490 0
5491 -0.0562545
5492 -0.0237533
5493 0.0717184
5494 -0.0199978
5495 -0.0692003
5496 -0.0194729
5497 -0.000464814
5498 -0.0413501
5499 -0.0194729
5500 -0.000464814
5501 -3.77647e-05
5502 -0.0981488
5503 0
5504 -0.00364915
5505 -0.0408595
5506 0
5507 -0.12456
5508 -0.00875809
5509 -0.00875809
5510 -0.00364915
5511 -1.68219e-19
5512 0.0139533
5513 0.0240519
5514 0
5515 0
5516 0
5517 -0.0812364
5518 -0.0237533
5519 -0.0981488
5520 -0.0225337
5521 -0.0487714
5522 -3.78683e-05
5523 -0.0155487
5524 -3.78683e-05
5525 0
5526 0
5527 -0.0132527
5528 -0.0230902
5529 0.0490255
5530 -0.0225337
5531 0
5532 0
5533 -0.00903227
5534 0
5535 -0.00875809
5536 0
5537 0
5538 0
5539 0
5540 -0.0436949
5541 0
5542 -0.0812364
5543 0
5544 0
5545 0
5546 0
5547 -0.0391582
5548 -0.00387237
5549 -0.0150446
5550 -0.00734013
5551 0
5552 0
5553 0
5554 0.0532275
5555 0.0521505
5556 -0.00998002
5557 0.0240519
5558 -0.0225337
5559 -0.189566
5560 -0.0289525
5561 -0.0567637
5562 0
5563 0
5564 0
5565 -3.78683e-05
5566 0.0865915
5567 0
5568 -0.0281273
5569 -7.48155e-09
5570 -0.0235693
5571 -0.00998002
5572 -0.0787773
5573 0.027688
5574 0
5575 0
5576 0
5577 0
5578 0
5579 -1.17948e-13
5580 0
5581 -0.00903227
5582 -0.00387237
5583 0
5584 0.0761402
5585 0
5586 -3.78683e-05
5587 0
5588 0
5589 0
5590 0
5591 -0.00073087
5592 0
5593 -0.00898193
5594 -0.0237533
5595 0
5596 -0.0132527
5597 -0.00855906
5598 0
5599 0
5600 -0.0155487
5601 -0.0129913
5602 0
5603 0
5604 0
5605 -0.0812364
5606 -0.00387237
5607 0
5608 0
5609 0.0396188
5610 0
5611 0
5612 -0.0194729
5613 -0.202883
5614 -0.0102217
5615 -0.00875809
5616 0
5617 -0.0194729
5618 0
5619 0
5620 -7.48155e-09
5621 -0.00875809
5622 0
5623 0
5624 0.0240519
5625 -0.0184907
5626 -0.0184907
5627 0
5628 0
5629 0
5630 0
5631 0.0202686
5632 0.0202686
5633 -0.004872
5634 -0.0132527
5635 -0.0391582
5636 -0.0391582
5637 -0.0786158
5638 0.0371926
5639 -0.0676542
5640 0
5641 -0.0132527
5642 0
5643 0
5644 0
5645 -0.0184907
5646 -0.0333427
5647 -0.000464814
5648 0
5649 -0.00073087
5650 -0.0812364
5651 0
5652 0
5653 -0.0225337
5654 0.0202686
5655 -0.019672
5656 -0.0567637
5657 0.0532275
5658 -0.00734013
5659 0
5660 -0.12456
5661 0
5662 -0.0890311
5663 -1.68219e-19
5664 0
5665 0
5666 0
5667 0
5668 0
5669 -0.0770885
5670 -5.41198e-21
5671 0
5672 -3.78683e-05
5673 0
5674 -0.0487714
5675 -0.0437329
5676 0
5677 0.0671158
5678 -7.48155e-09
5679 -3.78683e-05
5680 0
5681 0
5682 0.0521505
5683 -3.78683e-05
5684 0.120427
5685 0
5686 -0.0224821
5687 0
5688 0
5689 0.0396188
5690 -3.77647e-05
5691 -3.78683e-05
5692 -0.00734013
5693 -1.17948e-13
5694 -0.0530312
5695 -0.00734013
5696 -0.0437329
5697 0
5698 0.0365214
5699 0.0661427
5700 0.0240519
5701 0.0202686
5702 -0.00998002
5703 0.0690381
5704 0
5705 0
5706 0
5707 -0.0014412
5708 -5.85445e-07
5709 -0.0333427
5710 -0.0129913
5711 0
5712 0
5713 -0.0770885
5714 0
5715 0
5716 -0.276969
5717 0
5718 -7.48155e-09
5719 0.0704897
5720 0
5721 -0.00387237
5722 0
5723 -0.12456
5724 0
5725 0.0365214
5726 -0.0265053
5727 0
5728 -0.0129381
5729 -0.0132527
5730 -0.0265053
5731 0
5732 -3.78683e-05
5733 -0.0160135
5734 -1.17948e-13
5735 -0.00898193
5736 -0.000464814
5737 -3.78683e-05
5738 0
5739 -5.85445e-07
5740 0
5741 -0.0890311
5742 -3.78683e-05
5743 -0.00875809
5744 0
5745 -0.00998002
5746 0
5747 0
5748 -0.0214602
5749 0
5750 0.0521505
5751 0
5752 -0.0225337
5753 -0.00855906
5754 -0.0457898
5755 0
5756 -0.0284707
5757 -5.85445e-07
5758 -0.0155487
5759 0
5760 -0.140935
5761 0
5762 -1.17948e-13
5763 0.0240519
5764 0
5765 0
5766 0
5767 -0.00898193
5768 0
5769 0.0875153
5770 -0.0705715
5771 -0.00875809
5772 -3.78683e-05
5773 0
5774 -0.0225337
5775 0.0910494
5776 -0.0237533
5777 0.0139533
5778 0
5779 -0.0421008
5780 0
5781 0
5782 -0.00903227
5783 0
5784 0.027688
5785 -0.0194729
5786 -0.170098
5787 0.0702476
5788 0
5789 0.0865915
5790 0
5791 0.2298
5792 0.0202686
5793 -3.77647e-05
5794 0
5795 0
5796 0
5797 0
5798 -3.78683e-05
5799 0.0230185
5800 0
5801 0
5802 -0.0225337
5803 -7.48155e-09
5804 -0.0567637
5805 -0.0413501
5806 -0.00898193
5807 0
5808 0.131781
5809 0
5810 -0.00875809
5811 0
5812 0
5813 0
5814 -0.0289525
5815 -1.68219e-19
5816 -0.0705715
5817 0
5818 0
5819 -0.0654618
5820 -5.41198e-21
5821 -0.0300152
5822 0.0704897
5823 0
5824 -3.77647e-05
5825 0.0671158
5826 -0.00590061
5827 0.0759064
5828 -0.000739572
5829 0
5830 0
5831 0
5832 -3.77647e-05
5833 0
5834 0
5835 0
5836 0
5837 0
