0 1 0.534
1 1 0.015
2 1 0
3 1 0
4 1 0.668
5 1 0.401
6 1 0.639
7 1 0.789
8 1 0.343
9 1 0
10 1 0.049
11 1 0.667
12 1 0.428
13 1 0.13
14 1 0.819
15 1 0.428
16 1 0.019
17 1 0.867
18 1 0.929
19 1 0.7
20 1 0.862
21 1 0.606
22 1 0.873
23 1 0.644
24 1 0.058
25 1 0.885
26 1 0.128
27 1 0.241
28 1 0.655
29 1 0.413
30 1 0.04
31 1 0.194
32 1 0.738
33 1 0.146
34 1 0.039
35 1 0.868
36 1 0.001
37 1 0.337
38 1 0.302
39 1 0.268
40 1 0.246
41 1 0.53
42 1 0.955
43 1 0.299
44 1 0.086
45 1 0.956
46 1 0.785
47 1 0.209
48 1 0.015
49 1 0.495
50 1 0
51 1 0.851
52 1 0.336
53 1 0.299
54 1 0.05
55 1 0.071
56 1 0.541
57 1 0.948
58 1 0.022
59 1 0.329
60 1 0.337
61 1 0.609
62 1 0.187
63 1 0.193
64 1 0.151
65 1 0.008
66 1 0.045
67 1 0.231
68 1 0.163
69 1 0.007
70 1 0.41
71 1 0.076
72 1 0.099
73 1 0.528
74 1 0.244
75 1 0.229
76 1 0.571
77 1 0.492
78 1 0
79 1 0.005
80 1 0.016
81 1 0.268
82 1 0.05
83 1 0.184
84 1 0.094
85 1 0.095
86 1 0.524
87 1 0.743
88 1 0.016
89 1 0.788
90 1 0.597
91 1 0.207
92 1 0.706
93 1 0.105
94 1 0.181
95 1 0.482
96 1 0.007
97 1 0.072
98 1 0.017
99 1 0.966
100 1 0.023
101 1 0.106
102 1 0.436
103 1 0.002
104 1 0.007
105 1 0.008
106 1 0.45
107 1 0.237
108 1 0.23
109 1 0.703
110 1 0.505
111 1 0.445
112 1 0.877
113 1 0.001
114 1 0.861
115 1 0.47
116 1 0.063
117 1 0.086
118 1 0
119 1 0.893
120 1 0.539
121 1 0.198
122 1 0.464
123 1 0.936
124 1 0.034
125 1 0.032
126 1 0.435
127 1 0.474
128 1 0.001
129 1 0.64
130 1 0.608
131 1 0.497
132 1 0.526
133 1 0.099
134 1 0.004
135 1 0.948
136 1 0.203
137 1 0.156
138 1 0.786
139 1 0.008
140 1 0.328
141 1 0.473
142 1 0.649
143 1 0.617
144 1 0.113
145 1 0.945
146 1 0.011
147 1 0.558
148 1 0.642
149 1 0.466
150 1 0.069
151 1 0.471
152 1 0.871
153 1 0.01
154 1 0.565
155 1 0
156 1 0.054
157 1 0.187
158 1 0.114
159 1 0
160 1 0.46
161 1 0.831
162 1 0.9
163 1 0.5
164 1 0.024
165 1 0.169
166 1 0.655
167 1 0.614
168 1 0.713
169 1 0.857
170 1 0.13
171 1 0.834
172 1 0.242
173 1 0.653
174 1 0.177
175 1 0.039
176 1 0.932
177 1 0.516
178 1 0.092
179 1 0.153
180 1 0.249
181 1 0.087
182 1 0
183 1 0.236
184 1 0.162
185 1 0.707
186 1 0.533
187 1 0.235
188 1 0.69
189 1 0.602
190 1 0.566
191 1 0.107
192 1 0.823
193 1 0.156
194 1 0.004
195 1 0.207
196 1 0.252
197 1 0.001
198 1 0.136
199 1 0.075
200 1 0.008
201 1 0.112
202 1 0.109
203 1 0.577
204 1 0.915
205 1 0.008
206 1 0.001
207 1 0.422
208 1 0.35
209 1 0.538
210 1 0.337
211 1 0.385
